1.000000000000000000e+00 -1.699999999999999987e-05
1.000000000000000000e+00 4.560000000000000251e-04
9.986150000000000304e-01 7.500000000000000156e-04
9.969519999999999493e-01 1.095000000000000053e-03
9.946540000000000381e-01 1.557999999999999923e-03
9.923549999999999871e-01 2.007999999999999802e-03
9.898639999999999661e-01 2.484999999999999796e-03
9.869879999999999765e-01 3.023000000000000079e-03
9.836770000000000236e-01 3.629999999999999980e-03
9.801809999999999690e-01 4.257999999999999632e-03
9.760760000000000547e-01 4.982000000000000317e-03
9.719710000000000294e-01 5.695000000000000409e-03
9.671419999999999462e-01 6.523000000000000152e-03
9.623819999999999597e-01 7.328999999999999578e-03
9.578870000000000440e-01 8.085000000000000173e-03
9.522699999999999498e-01 9.024000000000000771e-03
9.464190000000000103e-01 9.998999999999999208e-03
9.399690000000000545e-01 1.107400000000000051e-02
9.348929999999999740e-01 1.192099999999999931e-02
9.278170000000000028e-01 1.310599999999999959e-02
9.210129999999999706e-01 1.425099999999999978e-02
9.146349999999999758e-01 1.533200000000000014e-02
9.073329999999999451e-01 1.657799999999999899e-02
8.987960000000000393e-01 1.806500000000000120e-02
8.909920000000000062e-01 1.946200000000000013e-02
8.835450000000000248e-01 2.081399999999999917e-02
8.752760000000000540e-01 2.233800000000000022e-02
8.673659999999999703e-01 2.381499999999999936e-02
8.586460000000000203e-01 2.546599999999999905e-02
8.483349999999999502e-01 2.744699999999999918e-02
8.391659999999999675e-01 2.922999999999999904e-02
8.303239999999999510e-01 3.096099999999999894e-02
8.207370000000000498e-01 3.283799999999999913e-02
8.115090000000000359e-01 3.462799999999999906e-02
8.015200000000000102e-01 3.652099999999999791e-02
7.899629999999999708e-01 3.860800000000000343e-02
7.793280000000000207e-01 4.038100000000000023e-02
7.696020000000000083e-01 4.186399999999999844e-02
7.585960000000000480e-01 4.338399999999999895e-02
7.485779999999999657e-01 4.462800000000000100e-02
7.372220000000000439e-01 4.588699999999999724e-02
7.269440000000000346e-01 4.689700000000000119e-02
7.147639999999999549e-01 4.795599999999999863e-02
7.024939999999999518e-01 4.889899999999999802e-02
6.920490000000000252e-01 4.963000000000000050e-02
6.797309999999999741e-01 5.044200000000000073e-02
6.691099999999999826e-01 5.112900000000000084e-02
6.565250000000000252e-01 5.196200000000000124e-02
6.431099999999999595e-01 5.287499999999999839e-02
6.329329999999999679e-01 5.358099999999999669e-02
6.193670000000000009e-01 5.452699999999999908e-02
6.065199999999999481e-01 5.541999999999999704e-02
5.953340000000000298e-01 5.618700000000000083e-02
5.822899999999999743e-01 5.705899999999999861e-02
5.710690000000000488e-01 5.778300000000000103e-02
5.578619999999999690e-01 5.859600000000000225e-02
5.466360000000000108e-01 5.924800000000000205e-02
5.333020000000000538e-01 5.996800000000000047e-02
5.193489999999999496e-01 6.065500000000000058e-02
5.086730000000000418e-01 6.112900000000000278e-02
4.947630000000000083e-01 6.167500000000000066e-02
4.813160000000000216e-01 6.211799999999999961e-02
4.702009999999999801e-01 6.242000000000000326e-02
4.567519999999999913e-01 6.269800000000000373e-02
4.457220000000000071e-01 6.285399999999999321e-02
4.323159999999999781e-01 6.295000000000000595e-02
4.186920000000000086e-01 6.294800000000000395e-02
4.080619999999999803e-01 6.287900000000000433e-02
3.945810000000000151e-01 6.271300000000000485e-02
3.840459999999999985e-01 6.252299999999999525e-02
3.707289999999999752e-01 6.221100000000000241e-02
3.576920000000000099e-01 6.183000000000000301e-02
3.471910000000000274e-01 6.147199999999999886e-02
3.343470000000000053e-01 6.097299999999999942e-02
3.215120000000000200e-01 6.040999999999999842e-02
3.114029999999999854e-01 5.992399999999999810e-02
2.988179999999999725e-01 5.926700000000000024e-02
2.889129999999999754e-01 5.871300000000000130e-02
2.766089999999999938e-01 5.797999999999999682e-02
2.644980000000000109e-01 5.721099999999999797e-02
2.549379999999999979e-01 5.657000000000000223e-02
2.431419999999999970e-01 5.573700000000000182e-02
2.315859999999999863e-01 5.487399999999999917e-02
2.223100000000000076e-01 5.414800000000000169e-02
2.112219999999999931e-01 5.323800000000000060e-02
2.022440000000000071e-01 5.246499999999999775e-02
1.915530000000000010e-01 5.149499999999999911e-02
1.808299999999999907e-01 5.045399999999999885e-02
1.726300000000000057e-01 4.960799999999999932e-02
1.623370000000000091e-01 4.847400000000000320e-02
1.544959999999999944e-01 4.755199999999999705e-02
1.446570000000000078e-01 4.631799999999999806e-02
1.353449999999999931e-01 4.506799999999999695e-02
1.278330000000000022e-01 4.399499999999999938e-02
1.190179999999999988e-01 4.266199999999999853e-02
1.102280000000000065e-01 4.124400000000000288e-02
1.036090000000000066e-01 4.011699999999999988e-02
9.534399999999999820e-02 3.862899999999999667e-02
8.915399999999999714e-02 3.745300000000000018e-02
8.143499999999999350e-02 3.590600000000000042e-02
7.423100000000000531e-02 3.437500000000000278e-02
6.853199999999999570e-02 3.309600000000000042e-02
6.189900000000000263e-02 3.152800000000000047e-02
5.666600000000000109e-02 3.022000000000000033e-02
5.061700000000000227e-02 2.862500000000000114e-02
4.475599999999999717e-02 2.697599999999999998e-02
4.041100000000000247e-02 2.568199999999999997e-02
3.516600000000000281e-02 2.401599999999999915e-02
3.032800000000000079e-02 2.236399999999999846e-02
2.669300000000000145e-02 2.102700000000000055e-02
2.247100000000000139e-02 1.935200000000000115e-02
1.935699999999999921e-02 1.800300000000000164e-02
1.576100000000000070e-02 1.629799999999999999e-02
1.257899999999999990e-02 1.460099999999999940e-02
1.022099999999999918e-02 1.319299999999999987e-02
7.697999999999999982e-03 1.147500000000000082e-02
5.866999999999999819e-03 1.003800000000000005e-02
4.000000000000000083e-03 8.300999999999999351e-03
2.413999999999999913e-03 6.459000000000000331e-03
1.495000000000000018e-03 5.087000000000000376e-03
6.030000000000000204e-04 3.246999999999999886e-03
1.279999999999999942e-04 1.479000000000000063e-03
-0.000000000000000000e+00 3.100000000000000135e-05
1.289999999999999914e-04 -1.410000000000000012e-03
6.040000000000000447e-04 -3.155999999999999951e-03
1.495000000000000018e-03 -4.956000000000000336e-03
2.410999999999999949e-03 -6.288000000000000186e-03
3.989000000000000358e-03 -8.066999999999999518e-03
5.845000000000000369e-03 -9.735999999999999863e-03
7.662000000000000408e-03 -1.111099999999999935e-02
1.016700000000000069e-02 -1.275199999999999945e-02
1.250700000000000076e-02 -1.409599999999999916e-02
1.566400000000000084e-02 -1.571399999999999880e-02
1.923199999999999910e-02 -1.734000000000000125e-02
2.232500000000000109e-02 -1.862499999999999920e-02
2.652099999999999944e-02 -2.021799999999999986e-02
3.110900000000000123e-02 -2.181400000000000006e-02
3.495299999999999796e-02 -2.305300000000000057e-02
4.018000000000000044e-02 -2.462800000000000059e-02
4.451299999999999701e-02 -2.585000000000000145e-02
5.036299999999999805e-02 -2.740599999999999981e-02
5.640400000000000275e-02 -2.891499999999999973e-02
6.163099999999999828e-02 -3.015899999999999831e-02
6.826100000000000223e-02 -3.166200000000000264e-02
7.541399999999999493e-02 -3.321199999999999847e-02
8.115899999999999503e-02 -3.440900000000000208e-02
8.887799999999999867e-02 -3.596499999999999697e-02
9.506799999999999973e-02 -3.717399999999999871e-02
1.033319999999999933e-01 -3.874799999999999772e-02
1.116309999999999941e-01 -4.028700000000000336e-02
1.187420000000000003e-01 -4.157999999999999891e-02
1.275580000000000047e-01 -4.315299999999999692e-02
1.350699999999999956e-01 -4.447199999999999764e-02
1.443820000000000103e-01 -4.608199999999999796e-02
1.542209999999999970e-01 -4.775700000000000084e-02
1.620610000000000106e-01 -4.907099999999999657e-02
1.723530000000000062e-01 -5.076300000000000257e-02
1.826180000000000025e-01 -5.240399999999999919e-02
1.912739999999999996e-01 -5.373599999999999904e-02
2.019630000000000036e-01 -5.529300000000000187e-02
2.109389999999999876e-01 -5.649699999999999861e-02
2.221200000000000119e-01 -5.782700000000000340e-02
2.335710000000000008e-01 -5.898799999999999877e-02
2.428530000000000133e-01 -5.977899999999999880e-02
2.546470000000000122e-01 -6.059699999999999809e-02
2.642039999999999944e-01 -6.110999999999999766e-02
2.763120000000000021e-01 -6.158000000000000279e-02
2.886139999999999817e-01 -6.186099999999999932e-02
2.985169999999999768e-01 -6.195900000000000019e-02
3.111010000000000164e-01 -6.193400000000000294e-02
3.237180000000000057e-01 -6.176999999999999852e-02
3.340420000000000056e-01 -6.155000000000000054e-02
3.468829999999999969e-01 -6.119600000000000040e-02
3.573810000000000042e-01 -6.083999999999999825e-02
3.704120000000000190e-01 -6.031700000000000256e-02
3.837189999999999768e-01 -5.969300000000000300e-02
3.942410000000000081e-01 -5.913899999999999713e-02
4.077020000000000088e-01 -5.836100000000000315e-02
4.209959999999999813e-01 -5.752100000000000268e-02
4.318980000000000041e-01 -5.679000000000000020e-02
4.452599999999999891e-01 -5.584999999999999687e-02
4.562470000000000137e-01 -5.505299999999999777e-02
4.696339999999999959e-01 -5.406099999999999794e-02
4.834019999999999984e-01 -5.304199999999999887e-02
4.940599999999999992e-01 -5.226000000000000090e-02
5.078799999999999981e-01 -5.127899999999999819e-02
5.212059999999999471e-01 -5.037900000000000017e-02
5.323320000000000274e-01 -4.968100000000000294e-02
5.455640000000000489e-01 -4.892099999999999921e-02
5.567020000000000302e-01 -4.835600000000000315e-02
5.698039999999999772e-01 -4.777499999999999802e-02
5.834570000000000034e-01 -4.723200000000000315e-02
5.938750000000000417e-01 -4.682900000000000257e-02
6.074509999999999632e-01 -4.628100000000000269e-02
6.203840000000000465e-01 -4.569100000000000245e-02
6.311890000000000001e-01 -4.511899999999999938e-02
6.441249999999999476e-01 -4.429999999999999910e-02
6.569869999999999877e-01 -4.330500000000000321e-02
6.677840000000000442e-01 -4.229900000000000326e-02
6.799929999999999586e-01 -4.095499999999999835e-02
6.906390000000000029e-01 -3.961599999999999844e-02
7.025780000000000358e-01 -3.795199999999999962e-02
7.154690000000000216e-01 -3.599200000000000316e-02
7.268700000000000161e-01 -3.414699999999999680e-02
7.373060000000000169e-01 -3.239000000000000212e-02
7.483880000000000532e-01 -3.047599999999999962e-02
7.585819999999999785e-01 -2.869199999999999875e-02
7.693280000000000118e-01 -2.680400000000000144e-02
7.814780000000000060e-01 -2.468400000000000108e-02
7.918669999999999876e-01 -2.289800000000000169e-02
8.014010000000000300e-01 -2.128999999999999990e-02
8.114160000000000261e-01 -1.962900000000000061e-02
8.206050000000000288e-01 -1.813299999999999981e-02
8.302289999999999948e-01 -1.659499999999999864e-02
8.390440000000000120e-01 -1.521699999999999962e-02
8.482610000000000428e-01 -1.381100000000000036e-02
8.585679999999999978e-01 -1.228500000000000078e-02
8.673469999999999791e-01 -1.102999999999999987e-02
8.752459999999999685e-01 -9.936999999999999653e-03
8.835800000000000320e-01 -8.826000000000000512e-03
8.910219999999999807e-01 -7.875000000000000056e-03
8.988960000000000283e-01 -6.914000000000000007e-03
9.072750000000000536e-01 -5.965999999999999949e-03
9.148220000000000240e-01 -5.174999999999999913e-03
9.210409999999999986e-01 -4.557000000000000287e-03
9.280709999999999793e-01 -3.902000000000000086e-03
9.337910000000000377e-01 -3.403999999999999908e-03
9.405120000000000147e-01 -2.860999999999999828e-03
9.466250000000000497e-01 -2.409000000000000117e-03
9.517160000000000064e-01 -2.066000000000000128e-03
9.571450000000000236e-01 -1.734999999999999997e-03
9.627130000000000409e-01 -1.433000000000000029e-03
9.674779999999999491e-01 -1.209000000000000005e-03
9.714669999999999694e-01 -1.044000000000000006e-03
9.756439999999999557e-01 -8.949999999999999623e-04
9.798200000000000243e-01 -7.690000000000000438e-04
9.833790000000000031e-01 -6.809999999999999647e-04
9.867489999999999872e-01 -6.120000000000000223e-04
9.896770000000000289e-01 -5.649999999999999641e-04
9.922130000000000116e-01 -5.330000000000000536e-04
9.948939999999999451e-01 -5.079999999999999880e-04
9.968939999999999468e-01 -4.970000000000000459e-04
9.985889999999999489e-01 -4.910000000000000085e-04
1.000000000000000000e+00 -4.899999999999999842e-04
1.000000000000000000e+00 -1.699999999999999987e-05
