1.000000000000000000e+00 -1.000000000000000082e-05
1.000000000000000000e+00 4.550000000000000008e-04
9.986150000000000304e-01 7.579999999999999932e-04
9.969519999999999493e-01 1.115000000000000106e-03
9.946540000000000381e-01 1.595000000000000064e-03
9.923549999999999871e-01 2.066000000000000128e-03
9.898639999999999661e-01 2.566000000000000138e-03
9.869879999999999765e-01 3.131999999999999802e-03
9.836770000000000236e-01 3.772000000000000179e-03
9.801809999999999690e-01 4.435999999999999839e-03
9.760760000000000547e-01 5.202000000000000027e-03
9.719710000000000294e-01 5.956999999999999622e-03
9.671419999999999462e-01 6.832999999999999664e-03
9.623819999999999597e-01 7.684999999999999991e-03
9.578870000000000440e-01 8.481999999999999956e-03
9.522699999999999498e-01 9.468000000000000721e-03
9.464190000000000103e-01 1.048900000000000006e-02
9.399690000000000545e-01 1.160800000000000026e-02
9.348929999999999740e-01 1.248400000000000030e-02
9.278170000000000028e-01 1.370299999999999990e-02
9.210129999999999706e-01 1.487100000000000054e-02
9.146349999999999758e-01 1.596600000000000102e-02
9.073329999999999451e-01 1.721699999999999967e-02
8.987960000000000393e-01 1.869699999999999834e-02
8.909920000000000062e-01 2.007400000000000156e-02
8.835450000000000248e-01 2.139500000000000082e-02
8.752760000000000540e-01 2.286900000000000044e-02
8.673659999999999703e-01 2.428500000000000103e-02
8.586460000000000203e-01 2.585399999999999851e-02
8.483349999999999502e-01 2.771900000000000058e-02
8.391659999999999675e-01 2.938299999999999940e-02
8.303239999999999510e-01 3.098899999999999919e-02
8.207370000000000498e-01 3.272300000000000209e-02
8.115090000000000359e-01 3.437400000000000178e-02
8.015200000000000102e-01 3.612499999999999739e-02
7.899629999999999708e-01 3.807499999999999774e-02
7.793280000000000207e-01 3.976500000000000173e-02
7.696020000000000083e-01 4.121400000000000063e-02
7.585960000000000480e-01 4.274300000000000321e-02
7.485779999999999657e-01 4.403699999999999976e-02
7.372220000000000439e-01 4.539800000000000085e-02
7.269440000000000346e-01 4.653800000000000298e-02
7.147639999999999549e-01 4.779100000000000015e-02
7.024939999999999518e-01 4.896199999999999858e-02
6.920490000000000252e-01 4.990300000000000291e-02
6.797309999999999741e-01 5.096900000000000042e-02
6.691099999999999826e-01 5.186899999999999844e-02
6.565250000000000252e-01 5.293199999999999988e-02
6.431099999999999595e-01 5.405700000000000088e-02
6.329329999999999679e-01 5.489900000000000335e-02
6.193670000000000009e-01 5.599200000000000010e-02
6.065199999999999481e-01 5.698600000000000193e-02
5.953340000000000298e-01 5.780699999999999728e-02
5.822899999999999743e-01 5.870299999999999824e-02
5.710690000000000488e-01 5.940999999999999753e-02
5.578619999999999690e-01 6.015600000000000114e-02
5.466360000000000108e-01 6.071200000000000208e-02
5.333020000000000538e-01 6.127500000000000308e-02
5.193489999999999496e-01 6.175699999999999940e-02
5.086730000000000418e-01 6.205100000000000199e-02
4.947630000000000083e-01 6.234300000000000258e-02
4.813160000000000216e-01 6.252699999999999925e-02
4.702009999999999801e-01 6.261200000000000099e-02
4.567519999999999913e-01 6.263299999999999423e-02
4.457220000000000071e-01 6.258800000000000474e-02
4.323159999999999781e-01 6.245799999999999963e-02
4.186920000000000086e-01 6.225100000000000078e-02
4.080619999999999803e-01 6.203999999999999793e-02
3.945810000000000151e-01 6.171800000000000203e-02
3.840459999999999985e-01 6.142500000000000043e-02
3.707289999999999752e-01 6.100900000000000073e-02
3.576920000000000099e-01 6.055599999999999872e-02
3.471910000000000274e-01 6.015999999999999820e-02
3.343470000000000053e-01 5.964099999999999957e-02
3.215120000000000200e-01 5.908700000000000063e-02
3.114029999999999854e-01 5.862300000000000150e-02
2.988179999999999725e-01 5.800600000000000200e-02
2.889129999999999754e-01 5.748500000000000137e-02
2.766089999999999938e-01 5.679200000000000220e-02
2.644980000000000109e-01 5.605199999999999766e-02
2.549379999999999979e-01 5.542400000000000104e-02
2.431419999999999970e-01 5.459200000000000164e-02
2.315859999999999863e-01 5.371200000000000280e-02
2.223100000000000076e-01 5.295500000000000207e-02
2.112219999999999931e-01 5.199100000000000249e-02
2.022440000000000071e-01 5.115999999999999714e-02
1.915530000000000010e-01 5.011100000000000276e-02
1.808299999999999907e-01 4.899400000000000283e-02
1.726300000000000057e-01 4.809599999999999986e-02
1.623370000000000091e-01 4.690899999999999931e-02
1.544959999999999944e-01 4.596000000000000085e-02
1.446570000000000078e-01 4.470999999999999974e-02
1.353449999999999931e-01 4.346599999999999769e-02
1.278330000000000022e-01 4.241400000000000031e-02
1.190179999999999988e-01 4.112299999999999983e-02
1.102280000000000065e-01 3.976799999999999780e-02
1.036090000000000066e-01 3.870200000000000029e-02
9.534399999999999820e-02 3.730699999999999988e-02
8.915399999999999714e-02 3.621300000000000213e-02
8.143499999999999350e-02 3.478099999999999942e-02
7.423100000000000531e-02 3.337299999999999989e-02
6.853199999999999570e-02 3.219999999999999946e-02
6.189900000000000263e-02 3.076500000000000068e-02
5.666600000000000109e-02 2.956999999999999906e-02
5.061700000000000227e-02 2.811100000000000057e-02
4.475599999999999717e-02 2.660099999999999965e-02
4.041100000000000247e-02 2.541300000000000156e-02
3.516600000000000281e-02 2.387699999999999892e-02
3.032800000000000079e-02 2.234600000000000128e-02
2.669300000000000145e-02 2.109799999999999870e-02
2.247100000000000139e-02 1.952200000000000116e-02
1.935699999999999921e-02 1.824100000000000027e-02
1.576100000000000070e-02 1.660800000000000123e-02
1.257899999999999990e-02 1.496199999999999961e-02
1.022099999999999918e-02 1.358000000000000006e-02
7.697999999999999982e-03 1.187599999999999940e-02
5.866999999999999819e-03 1.043400000000000057e-02
4.000000000000000083e-03 8.671999999999999154e-03
2.413999999999999913e-03 6.781999999999999834e-03
1.495000000000000018e-03 5.361999999999999579e-03
6.030000000000000204e-04 3.442999999999999880e-03
1.279999999999999942e-04 1.588000000000000002e-03
-0.000000000000000000e+00 6.299999999999999990e-05
1.289999999999999914e-04 -1.456000000000000046e-03
6.040000000000000447e-04 -3.295999999999999885e-03
1.495000000000000018e-03 -5.189000000000000036e-03
2.410999999999999949e-03 -6.583000000000000310e-03
3.989000000000000358e-03 -8.432000000000000259e-03
5.845000000000000369e-03 -1.015199999999999957e-02
7.662000000000000408e-03 -1.155600000000000030e-02
1.016700000000000069e-02 -1.321400000000000005e-02
1.250700000000000076e-02 -1.455599999999999949e-02
1.566400000000000084e-02 -1.615199999999999969e-02
1.923199999999999910e-02 -1.773500000000000076e-02
2.232500000000000109e-02 -1.897000000000000075e-02
2.652099999999999944e-02 -2.048099999999999921e-02
3.110900000000000123e-02 -2.197199999999999848e-02
3.495299999999999796e-02 -2.311399999999999913e-02
4.018000000000000044e-02 -2.454500000000000084e-02
4.451299999999999701e-02 -2.563999999999999960e-02
5.036299999999999805e-02 -2.701500000000000082e-02
5.640400000000000275e-02 -2.832600000000000048e-02
6.163099999999999828e-02 -2.938999999999999946e-02
6.826100000000000223e-02 -3.065400000000000069e-02
7.541399999999999493e-02 -3.193399999999999711e-02
8.115899999999999503e-02 -3.290300000000000169e-02
8.887799999999999867e-02 -3.414199999999999874e-02
9.506799999999999973e-02 -3.508399999999999713e-02
1.033319999999999933e-01 -3.628699999999999981e-02
1.116309999999999941e-01 -3.743500000000000300e-02
1.187420000000000003e-01 -3.837700000000000139e-02
1.275580000000000047e-01 -3.949600000000000333e-02
1.350699999999999956e-01 -4.041299999999999754e-02
1.443820000000000103e-01 -4.150399999999999923e-02
1.542209999999999970e-01 -4.261000000000000204e-02
1.620610000000000106e-01 -4.345799999999999663e-02
1.723530000000000062e-01 -4.453000000000000014e-02
1.826180000000000025e-01 -4.555100000000000121e-02
1.912739999999999996e-01 -4.637299999999999756e-02
2.019630000000000036e-01 -4.733400000000000107e-02
2.109389999999999876e-01 -4.808799999999999880e-02
2.221200000000000119e-01 -4.895000000000000046e-02
2.335710000000000008e-01 -4.975099999999999661e-02
2.428530000000000133e-01 -5.034399999999999986e-02
2.546470000000000122e-01 -5.103499999999999703e-02
2.642039999999999944e-01 -5.154999999999999860e-02
2.763120000000000021e-01 -5.215999999999999803e-02
2.886139999999999817e-01 -5.274100000000000316e-02
2.985169999999999768e-01 -5.319499999999999923e-02
3.111010000000000164e-01 -5.376199999999999729e-02
3.237180000000000057e-01 -5.434100000000000041e-02
3.340420000000000056e-01 -5.482800000000000173e-02
3.468829999999999969e-01 -5.545900000000000135e-02
3.573810000000000042e-01 -5.598199999999999704e-02
3.704120000000000190e-01 -5.662199999999999872e-02
3.837189999999999768e-01 -5.724200000000000121e-02
3.942410000000000081e-01 -5.769300000000000123e-02
4.077020000000000088e-01 -5.820499999999999979e-02
4.209959999999999813e-01 -5.861899999999999750e-02
4.318980000000000041e-01 -5.888100000000000278e-02
4.452599999999999891e-01 -5.908900000000000263e-02
4.562470000000000137e-01 -5.916600000000000331e-02
4.696339999999999959e-01 -5.913999999999999813e-02
4.834019999999999984e-01 -5.899399999999999783e-02
4.940599999999999992e-01 -5.879899999999999710e-02
5.078799999999999981e-01 -5.845600000000000102e-02
5.212059999999999471e-01 -5.803099999999999925e-02
5.323320000000000274e-01 -5.761999999999999761e-02
5.455640000000000489e-01 -5.706399999999999667e-02
5.567020000000000302e-01 -5.655099999999999710e-02
5.698039999999999772e-01 -5.589000000000000218e-02
5.834570000000000034e-01 -5.512100000000000333e-02
5.938750000000000417e-01 -5.446200000000000346e-02
6.074509999999999632e-01 -5.349399999999999988e-02
6.203840000000000465e-01 -5.242999999999999744e-02
6.311890000000000001e-01 -5.142200000000000243e-02
6.441249999999999476e-01 -5.005300000000000027e-02
6.569869999999999877e-01 -4.849699999999999844e-02
6.677840000000000442e-01 -4.702499999999999736e-02
6.799929999999999586e-01 -4.517299999999999788e-02
6.906390000000000029e-01 -4.341099999999999820e-02
7.025780000000000358e-01 -4.129900000000000237e-02
7.154690000000000216e-01 -3.888899999999999996e-02
7.268700000000000161e-01 -3.667499999999999927e-02
7.373060000000000169e-01 -3.460799999999999987e-02
7.483880000000000532e-01 -3.239000000000000212e-02
7.585819999999999785e-01 -3.035099999999999951e-02
7.693280000000000118e-01 -2.821800000000000003e-02
7.814780000000000060e-01 -2.584900000000000045e-02
7.918669999999999876e-01 -2.387099999999999986e-02
8.014010000000000300e-01 -2.210300000000000112e-02
8.114160000000000261e-01 -2.028900000000000148e-02
8.206050000000000288e-01 -1.866699999999999957e-02
8.302289999999999948e-01 -1.701000000000000081e-02
8.390440000000000120e-01 -1.553299999999999993e-02
8.482610000000000428e-01 -1.403300000000000033e-02
8.585679999999999978e-01 -1.241399999999999969e-02
8.673469999999999791e-01 -1.108699999999999963e-02
8.752459999999999685e-01 -9.936999999999999653e-03
8.835800000000000320e-01 -8.770000000000000018e-03
8.910219999999999807e-01 -7.774999999999999793e-03
8.988960000000000283e-01 -6.773000000000000374e-03
9.072750000000000536e-01 -5.786999999999999610e-03
9.148220000000000240e-01 -4.968000000000000194e-03
9.210409999999999986e-01 -4.331999999999999913e-03
9.280709999999999793e-01 -3.661000000000000192e-03
9.337910000000000377e-01 -3.154000000000000119e-03
9.405120000000000147e-01 -2.605999999999999810e-03
9.466250000000000497e-01 -2.154000000000000099e-03
9.517160000000000064e-01 -1.814000000000000074e-03
9.571450000000000236e-01 -1.490999999999999921e-03
9.627130000000000409e-01 -1.203000000000000076e-03
9.674779999999999491e-01 -9.940000000000000918e-04
9.714669999999999694e-01 -8.440000000000000236e-04
9.756439999999999557e-01 -7.140000000000000079e-04
9.798200000000000243e-01 -6.089999999999999494e-04
9.833790000000000031e-01 -5.419999999999999471e-04
9.867489999999999872e-01 -4.939999999999999730e-04
9.896770000000000289e-01 -4.670000000000000214e-04
9.922130000000000116e-01 -4.539999999999999765e-04
9.948939999999999451e-01 -4.499999999999999877e-04
9.968939999999999468e-01 -4.550000000000000008e-04
9.985889999999999489e-01 -4.640000000000000027e-04
1.000000000000000000e+00 -4.739999999999999747e-04
1.000000000000000000e+00 -1.000000000000000082e-05
