1.000000000000000000e+00 8.100000000000000375e-05
1.000000000000000000e+00 4.310000000000000137e-04
9.986150000000000304e-01 8.360000000000000460e-04
9.969519999999999493e-01 1.317000000000000028e-03
9.946540000000000381e-01 1.969999999999999963e-03
9.923549999999999871e-01 2.612999999999999871e-03
9.898639999999999661e-01 3.298999999999999849e-03
9.869879999999999765e-01 4.079000000000000160e-03
9.836770000000000236e-01 4.962000000000000265e-03
9.801809999999999690e-01 5.877000000000000279e-03
9.760760000000000547e-01 6.931999999999999794e-03
9.719710000000000294e-01 7.966000000000000858e-03
9.671419999999999462e-01 9.157000000000000209e-03
9.623819999999999597e-01 1.030499999999999992e-02
9.578870000000000440e-01 1.136500000000000010e-02
9.522699999999999498e-01 1.265900000000000011e-02
9.464190000000000103e-01 1.397200000000000004e-02
9.399690000000000545e-01 1.537700000000000004e-02
9.348929999999999740e-01 1.645200000000000135e-02
9.278170000000000028e-01 1.790299999999999878e-02
9.210129999999999706e-01 1.924599999999999922e-02
9.146349999999999758e-01 2.045800000000000049e-02
9.073329999999999451e-01 2.178599999999999981e-02
8.987960000000000393e-01 2.327200000000000102e-02
8.909920000000000062e-01 2.457000000000000156e-02
8.835450000000000248e-01 2.573900000000000146e-02
8.752760000000000540e-01 2.695699999999999832e-02
8.673659999999999703e-01 2.803599999999999842e-02
8.586460000000000203e-01 2.912800000000000111e-02
8.483349999999999502e-01 3.028399999999999842e-02
8.391659999999999675e-01 3.118699999999999944e-02
8.303239999999999510e-01 3.194500000000000117e-02
8.207370000000000498e-01 3.264600000000000141e-02
8.115090000000000359e-01 3.320300000000000334e-02
8.015200000000000102e-01 3.369199999999999973e-02
7.899629999999999708e-01 3.413200000000000262e-02
7.793280000000000207e-01 3.445200000000000345e-02
7.696020000000000083e-01 3.468999999999999861e-02
7.585960000000000480e-01 3.490800000000000153e-02
7.485779999999999657e-01 3.507199999999999901e-02
7.372220000000000439e-01 3.524000000000000049e-02
7.269440000000000346e-01 3.539300000000000085e-02
7.147639999999999549e-01 3.561000000000000276e-02
7.024939999999999518e-01 3.590499999999999942e-02
6.920490000000000252e-01 3.624999999999999750e-02
6.797309999999999741e-01 3.680800000000000044e-02
6.691099999999999826e-01 3.745199999999999918e-02
6.565250000000000252e-01 3.844000000000000195e-02
6.431099999999999595e-01 3.973700000000000149e-02
6.329329999999999679e-01 4.085799999999999849e-02
6.193670000000000009e-01 4.248999999999999999e-02
6.065199999999999481e-01 4.413600000000000162e-02
5.953340000000000298e-01 4.560899999999999677e-02
5.822899999999999743e-01 4.733099999999999807e-02
5.710690000000000488e-01 4.877800000000000191e-02
5.578619999999999690e-01 5.039799999999999836e-02
5.466360000000000108e-01 5.167100000000000165e-02
5.333020000000000538e-01 5.304199999999999887e-02
5.193489999999999496e-01 5.431500000000000217e-02
5.086730000000000418e-01 5.517299999999999982e-02
4.947630000000000083e-01 5.614299999999999846e-02
4.813160000000000216e-01 5.691800000000000331e-02
4.702009999999999801e-01 5.743700000000000194e-02
4.567519999999999913e-01 5.791799999999999726e-02
4.457220000000000071e-01 5.819200000000000067e-02
4.323159999999999781e-01 5.837699999999999834e-02
4.186920000000000086e-01 5.841500000000000165e-02
4.080619999999999803e-01 5.834999999999999909e-02
3.945810000000000151e-01 5.816199999999999842e-02
3.840459999999999985e-01 5.794099999999999945e-02
3.707289999999999752e-01 5.757999999999999924e-02
3.576920000000000099e-01 5.715100000000000041e-02
3.471910000000000274e-01 5.675800000000000289e-02
3.343470000000000053e-01 5.622900000000000120e-02
3.215120000000000200e-01 5.565500000000000308e-02
3.114029999999999854e-01 5.517299999999999982e-02
2.988179999999999725e-01 5.453399999999999914e-02
2.889129999999999754e-01 5.400200000000000139e-02
2.766089999999999938e-01 5.330700000000000022e-02
2.644980000000000109e-01 5.258700000000000180e-02
2.549379999999999979e-01 5.199299999999999755e-02
2.431419999999999970e-01 5.122999999999999776e-02
2.315859999999999863e-01 5.045000000000000179e-02
2.223100000000000076e-01 4.980199999999999905e-02
2.112219999999999931e-01 4.900000000000000189e-02
2.022440000000000071e-01 4.833099999999999896e-02
1.915530000000000010e-01 4.750999999999999668e-02
1.808299999999999907e-01 4.665699999999999709e-02
1.726300000000000057e-01 4.598100000000000104e-02
1.623370000000000091e-01 4.509599999999999720e-02
1.544959999999999944e-01 4.439099999999999990e-02
1.446570000000000078e-01 4.346400000000000263e-02
1.353449999999999931e-01 4.253599999999999742e-02
1.278330000000000022e-01 4.175000000000000239e-02
1.190179999999999988e-01 4.077999999999999681e-02
1.102280000000000065e-01 3.975700000000000067e-02
1.036090000000000066e-01 3.894800000000000345e-02
9.534399999999999820e-02 3.788500000000000201e-02
8.915399999999999714e-02 3.704699999999999660e-02
8.143499999999999350e-02 3.594599999999999879e-02
7.423100000000000531e-02 3.485499999999999710e-02
6.853199999999999570e-02 3.394199999999999995e-02
6.189900000000000263e-02 3.281499999999999695e-02
5.666600000000000109e-02 3.186599999999999849e-02
5.061700000000000227e-02 3.069500000000000006e-02
4.475599999999999717e-02 2.946199999999999861e-02
4.041100000000000247e-02 2.847500000000000031e-02
3.516600000000000281e-02 2.716899999999999871e-02
3.032800000000000079e-02 2.582900000000000126e-02
2.669300000000000145e-02 2.470400000000000026e-02
2.247100000000000139e-02 2.323499999999999871e-02
1.935699999999999921e-02 2.199800000000000019e-02
1.576100000000000070e-02 2.035800000000000110e-02
1.257899999999999990e-02 1.863199999999999926e-02
1.022099999999999918e-02 1.712699999999999986e-02
7.697999999999999982e-03 1.519700000000000044e-02
5.866999999999999819e-03 1.350799999999999917e-02
4.000000000000000083e-03 1.137699999999999996e-02
2.413999999999999913e-03 9.024000000000000771e-03
1.495000000000000018e-03 7.219999999999999855e-03
6.030000000000000204e-04 4.748999999999999749e-03
1.279999999999999942e-04 2.344000000000000163e-03
-0.000000000000000000e+00 3.710000000000000190e-04
1.289999999999999914e-04 -1.577000000000000060e-03
6.040000000000000447e-04 -3.893000000000000193e-03
1.495000000000000018e-03 -6.200999999999999915e-03
2.410999999999999949e-03 -7.837999999999999481e-03
3.989000000000000358e-03 -9.910999999999999671e-03
5.845000000000000369e-03 -1.171999999999999952e-02
7.662000000000000408e-03 -1.310099999999999980e-02
1.016700000000000069e-02 -1.461400000000000025e-02
1.250700000000000076e-02 -1.574100000000000152e-02
1.566400000000000084e-02 -1.696399999999999991e-02
1.923199999999999910e-02 -1.804899999999999907e-02
2.232500000000000109e-02 -1.881400000000000086e-02
2.652099999999999944e-02 -1.965099999999999833e-02
3.110900000000000123e-02 -2.038299999999999834e-02
3.495299999999999796e-02 -2.088500000000000079e-02
4.018000000000000044e-02 -2.145599999999999938e-02
4.451299999999999701e-02 -2.185499999999999943e-02
5.036299999999999805e-02 -2.232500000000000109e-02
5.640400000000000275e-02 -2.275299999999999892e-02
6.163099999999999828e-02 -2.309999999999999901e-02
6.826100000000000223e-02 -2.352299999999999877e-02
7.541399999999999493e-02 -2.398600000000000038e-02
8.115899999999999503e-02 -2.436899999999999830e-02
8.887799999999999867e-02 -2.492099999999999871e-02
9.506799999999999973e-02 -2.539800000000000044e-02
1.033319999999999933e-01 -2.609600000000000114e-02
1.116309999999999941e-01 -2.687499999999999958e-02
1.187420000000000003e-01 -2.760900000000000160e-02
1.275580000000000047e-01 -2.860899999999999901e-02
1.350699999999999956e-01 -2.954000000000000029e-02
1.443820000000000103e-01 -3.079199999999999993e-02
1.542209999999999970e-01 -3.222699999999999870e-02
1.620610000000000106e-01 -3.343800000000000244e-02
1.723530000000000062e-01 -3.509299999999999919e-02
1.826180000000000025e-01 -3.676600000000000007e-02
1.912739999999999996e-01 -3.814000000000000029e-02
2.019630000000000036e-01 -3.969400000000000012e-02
2.109389999999999876e-01 -4.077900000000000275e-02
2.221200000000000119e-01 -4.171199999999999908e-02
2.335710000000000008e-01 -4.216400000000000009e-02
2.428530000000000133e-01 -4.217499999999999721e-02
2.546470000000000122e-01 -4.176599999999999757e-02
2.642039999999999944e-01 -4.112600000000000283e-02
2.763120000000000021e-01 -3.998800000000000271e-02
2.886139999999999817e-01 -3.855399999999999799e-02
2.985169999999999768e-01 -3.728299999999999670e-02
3.111010000000000164e-01 -3.564300000000000107e-02
3.237180000000000057e-01 -3.413399999999999768e-02
3.340420000000000056e-01 -3.312099999999999766e-02
3.468829999999999969e-01 -3.225100000000000189e-02
3.573810000000000042e-01 -3.184100000000000125e-02
3.704120000000000190e-01 -3.166700000000000070e-02
3.837189999999999768e-01 -3.181799999999999906e-02
3.942410000000000081e-01 -3.213599999999999790e-02
4.077020000000000088e-01 -3.275299999999999739e-02
4.209959999999999813e-01 -3.353899999999999937e-02
4.318980000000000041e-01 -3.427899999999999697e-02
4.452599999999999891e-01 -3.525400000000000061e-02
4.562470000000000137e-01 -3.608299999999999702e-02
4.696339999999999959e-01 -3.709799999999999903e-02
4.834019999999999984e-01 -3.812800000000000217e-02
4.940599999999999992e-01 -3.889499999999999902e-02
5.078799999999999981e-01 -3.983600000000000335e-02
5.212059999999999471e-01 -4.065799999999999970e-02
5.323320000000000274e-01 -4.127000000000000113e-02
5.455640000000000489e-01 -4.188299999999999662e-02
5.567020000000000302e-01 -4.229200000000000320e-02
5.698039999999999772e-01 -4.262599999999999723e-02
5.834570000000000034e-01 -4.280599999999999683e-02
5.938750000000000417e-01 -4.282500000000000195e-02
6.074509999999999632e-01 -4.269699999999999884e-02
6.203840000000000465e-01 -4.240599999999999925e-02
6.311890000000000001e-01 -4.203599999999999698e-02
6.441249999999999476e-01 -4.143600000000000061e-02
6.569869999999999877e-01 -4.066700000000000176e-02
6.677840000000000442e-01 -3.988499999999999684e-02
6.799929999999999586e-01 -3.884100000000000052e-02
6.906390000000000029e-01 -3.777400000000000202e-02
7.025780000000000358e-01 -3.638399999999999967e-02
7.154690000000000216e-01 -3.463700000000000112e-02
7.268700000000000161e-01 -3.287000000000000338e-02
7.373060000000000169e-01 -3.107199999999999893e-02
7.483880000000000532e-01 -2.897500000000000075e-02
7.585819999999999785e-01 -2.688499999999999918e-02
7.693280000000000118e-01 -2.452400000000000066e-02
7.814780000000000060e-01 -2.167600000000000082e-02
7.918669999999999876e-01 -1.910399999999999945e-02
8.014010000000000300e-01 -1.667599999999999985e-02
8.114160000000000261e-01 -1.412300000000000014e-02
8.206050000000000288e-01 -1.183500000000000003e-02
8.302289999999999948e-01 -9.537000000000000338e-03
8.390440000000000120e-01 -7.550000000000000287e-03
8.482610000000000428e-01 -5.612999999999999934e-03
8.585679999999999978e-01 -3.638000000000000175e-03
8.673469999999999791e-01 -2.125000000000000153e-03
8.752459999999999685e-01 -9.030000000000000483e-04
8.835800000000000320e-01 2.420000000000000005e-04
8.910219999999999807e-01 1.134999999999999941e-03
8.988960000000000283e-01 1.943999999999999981e-03
9.072750000000000536e-01 2.637000000000000021e-03
9.148220000000000240e-01 3.116999999999999979e-03
9.210409999999999986e-01 3.419000000000000164e-03
9.280709999999999793e-01 3.657000000000000094e-03
9.337910000000000377e-01 3.771000000000000046e-03
9.405120000000000147e-01 3.811000000000000151e-03
9.466250000000000497e-01 3.761000000000000020e-03
9.517160000000000064e-01 3.654000000000000130e-03
9.571450000000000236e-01 3.474999999999999790e-03
9.627130000000000409e-01 3.220999999999999905e-03
9.674779999999999491e-01 2.946999999999999967e-03
9.714669999999999694e-01 2.677999999999999825e-03
9.756439999999999557e-01 2.357000000000000154e-03
9.798200000000000243e-01 1.998000000000000210e-03
9.833790000000000031e-01 1.660999999999999933e-03
9.867489999999999872e-01 1.317000000000000028e-03
9.896770000000000289e-01 9.990000000000001049e-04
9.922130000000000116e-01 7.079999999999999705e-04
9.948939999999999451e-01 3.869999999999999742e-04
9.968939999999999468e-01 1.369999999999999961e-04
9.985889999999999489e-01 -8.200000000000000095e-05
1.000000000000000000e+00 -2.680000000000000090e-04
1.000000000000000000e+00 8.100000000000000375e-05
