1.000000000000000000e+00 -3.199999999999999855e-05
1.000000000000000000e+00 3.980000000000000248e-04
9.986150000000000304e-01 6.639999999999999852e-04
9.969519999999999493e-01 9.759999999999999796e-04
9.946540000000000381e-01 1.397000000000000021e-03
9.923549999999999871e-01 1.809000000000000061e-03
9.898639999999999661e-01 2.246000000000000166e-03
9.869879999999999765e-01 2.742000000000000080e-03
9.836770000000000236e-01 3.302999999999999946e-03
9.801809999999999690e-01 3.886000000000000131e-03
9.760760000000000547e-01 4.560999999999999950e-03
9.719710000000000294e-01 5.228000000000000008e-03
9.671419999999999462e-01 6.004999999999999921e-03
9.623819999999999597e-01 6.764000000000000047e-03
9.578870000000000440e-01 7.476000000000000006e-03
9.522699999999999498e-01 8.363999999999999907e-03
9.464190000000000103e-01 9.287999999999999381e-03
9.399690000000000545e-01 1.030700000000000019e-02
9.348929999999999740e-01 1.111200000000000035e-02
9.278170000000000028e-01 1.223899999999999988e-02
9.210129999999999706e-01 1.332900000000000057e-02
9.146349999999999758e-01 1.435900000000000024e-02
9.073329999999999451e-01 1.554799999999999932e-02
8.987960000000000393e-01 1.696800000000000044e-02
8.909920000000000062e-01 1.830400000000000083e-02
8.835450000000000248e-01 1.959800000000000084e-02
8.752760000000000540e-01 2.105900000000000133e-02
8.673659999999999703e-01 2.247700000000000045e-02
8.586460000000000203e-01 2.406499999999999959e-02
8.483349999999999502e-01 2.597599999999999909e-02
8.391659999999999675e-01 2.770099999999999993e-02
8.303239999999999510e-01 2.938100000000000087e-02
8.207370000000000498e-01 3.121300000000000116e-02
8.115090000000000359e-01 3.296899999999999831e-02
8.015200000000000102e-01 3.484299999999999897e-02
7.899629999999999708e-01 3.693199999999999955e-02
7.793280000000000207e-01 3.873800000000000160e-02
7.696020000000000083e-01 4.027900000000000230e-02
7.585960000000000480e-01 4.190200000000000174e-02
7.485779999999999657e-01 4.327500000000000097e-02
7.372220000000000439e-01 4.472500000000000087e-02
7.269440000000000346e-01 4.595300000000000079e-02
7.147639999999999549e-01 4.732700000000000101e-02
7.024939999999999518e-01 4.865300000000000180e-02
6.920490000000000252e-01 4.976200000000000068e-02
6.797309999999999741e-01 5.108399999999999747e-02
6.691099999999999826e-01 5.226200000000000290e-02
6.565250000000000252e-01 5.373499999999999804e-02
6.431099999999999595e-01 5.537399999999999961e-02
6.329329999999999679e-01 5.663800000000000084e-02
6.193670000000000009e-01 5.830699999999999772e-02
6.065199999999999481e-01 5.983399999999999830e-02
5.953340000000000298e-01 6.108500000000000041e-02
5.822899999999999743e-01 6.241599999999999926e-02
5.710690000000000488e-01 6.341800000000000215e-02
5.578619999999999690e-01 6.439000000000000279e-02
5.466360000000000108e-01 6.501500000000000334e-02
5.333020000000000538e-01 6.552099999999999591e-02
5.193489999999999496e-01 6.580700000000000438e-02
5.086730000000000418e-01 6.587700000000000500e-02
4.947630000000000083e-01 6.580400000000000138e-02
4.813160000000000216e-01 6.558300000000000241e-02
4.702009999999999801e-01 6.531399999999999706e-02
4.567519999999999913e-01 6.490600000000000536e-02
4.457220000000000071e-01 6.452700000000000102e-02
4.323159999999999781e-01 6.403499999999999470e-02
4.186920000000000086e-01 6.351500000000000201e-02
4.080619999999999803e-01 6.310000000000000331e-02
3.945810000000000151e-01 6.257100000000000162e-02
3.840459999999999985e-01 6.215799999999999798e-02
3.707289999999999752e-01 6.164399999999999741e-02
3.576920000000000099e-01 6.115199999999999803e-02
3.471910000000000274e-01 6.076700000000000157e-02
3.343470000000000053e-01 6.031399999999999956e-02
3.215120000000000200e-01 5.988000000000000267e-02
3.114029999999999854e-01 5.953900000000000164e-02
2.988179999999999725e-01 5.909600000000000269e-02
2.889129999999999754e-01 5.872100000000000236e-02
2.766089999999999938e-01 5.820600000000000079e-02
2.644980000000000109e-01 5.763000000000000067e-02
2.549379999999999979e-01 5.711700000000000110e-02
2.431419999999999970e-01 5.640400000000000275e-02
2.315859999999999863e-01 5.560999999999999971e-02
2.223100000000000076e-01 5.489999999999999741e-02
2.112219999999999931e-01 5.396299999999999708e-02
2.022440000000000071e-01 5.313400000000000067e-02
1.915530000000000010e-01 5.207300000000000123e-02
1.808299999999999907e-01 5.093799999999999717e-02
1.726300000000000057e-01 5.002500000000000002e-02
1.623370000000000091e-01 4.882399999999999934e-02
1.544959999999999944e-01 4.786900000000000183e-02
1.446570000000000078e-01 4.661799999999999972e-02
1.353449999999999931e-01 4.537900000000000267e-02
1.278330000000000022e-01 4.433800000000000241e-02
1.190179999999999988e-01 4.306600000000000011e-02
1.102280000000000065e-01 4.173700000000000326e-02
1.036090000000000066e-01 4.069600000000000301e-02
9.534399999999999820e-02 3.933699999999999697e-02
8.915399999999999714e-02 3.827500000000000346e-02
8.143499999999999350e-02 3.688799999999999718e-02
7.423100000000000531e-02 3.552600000000000202e-02
6.853199999999999570e-02 3.439299999999999996e-02
6.189900000000000263e-02 3.300700000000000162e-02
5.666600000000000109e-02 3.185000000000000331e-02
5.061700000000000227e-02 3.043600000000000125e-02
4.475599999999999717e-02 2.896599999999999869e-02
4.041100000000000247e-02 2.780300000000000132e-02
3.516600000000000281e-02 2.629099999999999840e-02
3.032800000000000079e-02 2.476799999999999835e-02
2.669300000000000145e-02 2.351500000000000118e-02
2.247100000000000139e-02 2.191399999999999945e-02
1.935699999999999921e-02 2.059499999999999872e-02
1.576100000000000070e-02 1.888899999999999954e-02
1.257899999999999990e-02 1.714099999999999999e-02
1.022099999999999918e-02 1.565000000000000072e-02
7.697999999999999982e-03 1.378099999999999985e-02
5.866999999999999819e-03 1.217799999999999959e-02
4.000000000000000083e-03 1.018999999999999941e-02
2.413999999999999913e-03 8.028999999999999679e-03
1.495000000000000018e-03 6.390999999999999980e-03
6.030000000000000204e-04 4.160999999999999768e-03
1.279999999999999942e-04 1.994999999999999812e-03
-0.000000000000000000e+00 2.149999999999999947e-04
1.289999999999999914e-04 -1.554999999999999959e-03
6.040000000000000447e-04 -3.684999999999999908e-03
1.495000000000000018e-03 -5.852000000000000431e-03
2.410999999999999949e-03 -7.426999999999999574e-03
3.989000000000000358e-03 -9.483000000000000110e-03
5.845000000000000369e-03 -1.135399999999999951e-02
7.662000000000000408e-03 -1.284899999999999931e-02
1.016700000000000069e-02 -1.457400000000000015e-02
1.250700000000000076e-02 -1.593699999999999978e-02
1.566400000000000084e-02 -1.751799999999999885e-02
1.923199999999999910e-02 -1.904399999999999843e-02
2.232500000000000109e-02 -2.020699999999999927e-02
2.652099999999999944e-02 -2.159900000000000014e-02
3.110900000000000123e-02 -2.294399999999999912e-02
3.495299999999999796e-02 -2.395600000000000160e-02
4.018000000000000044e-02 -2.520899999999999877e-02
4.451299999999999701e-02 -2.615800000000000070e-02
5.036299999999999805e-02 -2.734599999999999878e-02
5.640400000000000275e-02 -2.847699999999999884e-02
6.163099999999999828e-02 -2.940100000000000005e-02
6.826100000000000223e-02 -3.050999999999999893e-02
7.541399999999999493e-02 -3.165500000000000258e-02
8.115899999999999503e-02 -3.254100000000000048e-02
8.887799999999999867e-02 -3.370299999999999685e-02
9.506799999999999973e-02 -3.461600000000000094e-02
1.033319999999999933e-01 -3.582300000000000068e-02
1.116309999999999941e-01 -3.702699999999999741e-02
1.187420000000000003e-01 -3.805900000000000255e-02
1.275580000000000047e-01 -3.934300000000000297e-02
1.350699999999999956e-01 -4.044400000000000078e-02
1.443820000000000103e-01 -4.182000000000000300e-02
1.542209999999999970e-01 -4.328800000000000009e-02
1.620610000000000106e-01 -4.446399999999999658e-02
1.723530000000000062e-01 -4.600599999999999828e-02
1.826180000000000025e-01 -4.752200000000000174e-02
1.912739999999999996e-01 -4.875899999999999679e-02
2.019630000000000036e-01 -5.018999999999999850e-02
2.109389999999999876e-01 -5.126399999999999707e-02
2.221200000000000119e-01 -5.237499999999999795e-02
2.335710000000000008e-01 -5.324799999999999672e-02
2.428530000000000133e-01 -5.377099999999999935e-02
2.546470000000000122e-01 -5.422199999999999936e-02
2.642039999999999944e-01 -5.443699999999999928e-02
2.763120000000000021e-01 -5.455700000000000133e-02
2.886139999999999817e-01 -5.455800000000000233e-02
2.985169999999999768e-01 -5.452200000000000102e-02
3.111010000000000164e-01 -5.448999999999999677e-02
3.237180000000000057e-01 -5.456500000000000239e-02
3.340420000000000056e-01 -5.476600000000000218e-02
3.468829999999999969e-01 -5.523800000000000238e-02
3.573810000000000042e-01 -5.576300000000000007e-02
3.704120000000000190e-01 -5.652000000000000079e-02
3.837189999999999768e-01 -5.732799999999999702e-02
3.942410000000000081e-01 -5.793299999999999839e-02
4.077020000000000088e-01 -5.859099999999999725e-02
4.209959999999999813e-01 -5.902799999999999714e-02
4.318980000000000041e-01 -5.917100000000000137e-02
4.452599999999999891e-01 -5.900600000000000289e-02
4.562470000000000137e-01 -5.855899999999999994e-02
4.696339999999999959e-01 -5.768399999999999916e-02
4.834019999999999984e-01 -5.650499999999999967e-02
4.940599999999999992e-01 -5.545499999999999735e-02
5.078799999999999981e-01 -5.400900000000000145e-02
5.212059999999999471e-01 -5.260499999999999898e-02
5.323320000000000274e-01 -5.149999999999999717e-02
5.455640000000000489e-01 -5.033599999999999880e-02
5.567020000000000302e-01 -4.954999999999999682e-02
5.698039999999999772e-01 -4.888399999999999690e-02
5.834570000000000034e-01 -4.842400000000000176e-02
5.938750000000000417e-01 -4.816899999999999654e-02
6.074509999999999632e-01 -4.788699999999999901e-02
6.203840000000000465e-01 -4.758500000000000230e-02
6.311890000000000001e-01 -4.724899999999999933e-02
6.441249999999999476e-01 -4.667000000000000315e-02
6.569869999999999877e-01 -4.582900000000000168e-02
6.677840000000000442e-01 -4.485700000000000104e-02
6.799929999999999586e-01 -4.342800000000000132e-02
6.906390000000000029e-01 -4.192300000000000193e-02
7.025780000000000358e-01 -3.999799999999999883e-02
7.154690000000000216e-01 -3.769999999999999740e-02
7.268700000000000161e-01 -3.553100000000000008e-02
7.373060000000000169e-01 -3.347900000000000181e-02
7.483880000000000532e-01 -3.126500000000000112e-02
7.585819999999999785e-01 -2.923100000000000004e-02
7.693280000000000118e-01 -2.711699999999999874e-02
7.814780000000000060e-01 -2.479400000000000007e-02
7.918669999999999876e-01 -2.288799999999999862e-02
8.014010000000000300e-01 -2.120800000000000116e-02
8.114160000000000261e-01 -1.950500000000000150e-02
8.206050000000000288e-01 -1.799399999999999958e-02
8.302289999999999948e-01 -1.645800000000000041e-02
8.390440000000000120e-01 -1.509199999999999951e-02
8.482610000000000428e-01 -1.370599999999999943e-02
8.585679999999999978e-01 -1.220899999999999937e-02
8.673469999999999791e-01 -1.097799999999999991e-02
8.752459999999999685e-01 -9.908999999999999406e-03
8.835800000000000320e-01 -8.819999999999999715e-03
8.910219999999999807e-01 -7.887999999999999179e-03
8.988960000000000283e-01 -6.944999999999999785e-03
9.072750000000000536e-01 -6.010999999999999850e-03
9.148220000000000240e-01 -5.229000000000000141e-03
9.210409999999999986e-01 -4.617999999999999709e-03
9.280709999999999793e-01 -3.968000000000000173e-03
9.337910000000000377e-01 -3.471999999999999826e-03
9.405120000000000147e-01 -2.929000000000000180e-03
9.466250000000000497e-01 -2.475999999999999902e-03
9.517160000000000064e-01 -2.128999999999999816e-03
9.571450000000000236e-01 -1.794000000000000022e-03
9.627130000000000409e-01 -1.485999999999999908e-03
9.674779999999999491e-01 -1.255999999999999955e-03
9.714669999999999694e-01 -1.083999999999999894e-03
9.756439999999999557e-01 -9.280000000000000054e-04
9.798200000000000243e-01 -7.940000000000000009e-04
9.833790000000000031e-01 -6.980000000000000527e-04
9.867489999999999872e-01 -6.210000000000000242e-04
9.896770000000000289e-01 -5.670000000000000127e-04
9.922130000000000116e-01 -5.280000000000000405e-04
9.948939999999999451e-01 -4.970000000000000459e-04
9.968939999999999468e-01 -4.789999999999999879e-04
9.985889999999999489e-01 -4.690000000000000158e-04
1.000000000000000000e+00 -4.629999999999999784e-04
1.000000000000000000e+00 -3.199999999999999855e-05
