1.000000000000000000e+00 -5.300000000000000078e-05
1.000000000000000000e+00 3.789999999999999966e-04
9.986150000000000304e-01 6.130000000000000466e-04
9.969519999999999493e-01 8.859999999999999603e-04
9.946540000000000381e-01 1.248999999999999893e-03
9.923549999999999871e-01 1.601999999999999908e-03
9.898639999999999661e-01 1.971999999999999795e-03
9.869879999999999765e-01 2.387999999999999932e-03
9.836770000000000236e-01 2.854999999999999899e-03
9.801809999999999690e-01 3.337999999999999821e-03
9.760760000000000547e-01 3.893999999999999892e-03
9.719710000000000294e-01 4.441999999999999768e-03
9.671419999999999462e-01 5.079000000000000181e-03
9.623819999999999597e-01 5.703999999999999869e-03
9.578870000000000440e-01 6.291999999999999850e-03
9.522699999999999498e-01 7.028999999999999658e-03
9.464190000000000103e-01 7.803000000000000040e-03
9.399690000000000545e-01 8.666000000000000092e-03
9.348929999999999740e-01 9.353999999999999468e-03
9.278170000000000028e-01 1.033099999999999991e-02
9.210129999999999706e-01 1.128999999999999969e-02
9.146349999999999758e-01 1.221000000000000037e-02
9.073329999999999451e-01 1.328799999999999946e-02
8.987960000000000393e-01 1.460099999999999940e-02
8.909920000000000062e-01 1.585999999999999910e-02
8.835450000000000248e-01 1.710300000000000015e-02
8.752760000000000540e-01 1.853000000000000133e-02
8.673659999999999703e-01 1.994200000000000139e-02
8.586460000000000203e-01 2.155299999999999924e-02
8.483349999999999502e-01 2.353099999999999983e-02
8.391659999999999675e-01 2.535400000000000154e-02
8.303239999999999510e-01 2.716000000000000011e-02
8.207370000000000498e-01 2.916099999999999942e-02
8.115090000000000359e-01 3.110900000000000123e-02
8.015200000000000102e-01 3.321299999999999947e-02
7.899629999999999708e-01 3.558700000000000058e-02
7.793280000000000207e-01 3.765099999999999697e-02
7.696020000000000083e-01 3.941599999999999965e-02
7.585960000000000480e-01 4.127100000000000213e-02
7.485779999999999657e-01 4.283100000000000102e-02
7.372220000000000439e-01 4.445400000000000046e-02
7.269440000000000346e-01 4.579400000000000137e-02
7.147639999999999549e-01 4.723399999999999821e-02
7.024939999999999518e-01 4.853899999999999881e-02
6.920490000000000252e-01 4.954999999999999682e-02
6.797309999999999741e-01 5.064799999999999858e-02
6.691099999999999826e-01 5.153200000000000142e-02
6.565250000000000252e-01 5.252899999999999930e-02
6.431099999999999595e-01 5.353399999999999825e-02
6.329329999999999679e-01 5.425900000000000167e-02
6.193670000000000009e-01 5.516999999999999682e-02
6.065199999999999481e-01 5.597300000000000192e-02
5.953340000000000298e-01 5.662299999999999972e-02
5.822899999999999743e-01 5.732199999999999795e-02
5.710690000000000488e-01 5.786999999999999783e-02
5.578619999999999690e-01 5.845399999999999902e-02
5.466360000000000108e-01 5.889899999999999997e-02
5.333020000000000538e-01 5.936999999999999916e-02
5.193489999999999496e-01 5.980300000000000199e-02
5.086730000000000418e-01 6.009599999999999664e-02
4.947630000000000083e-01 6.043799999999999867e-02
4.813160000000000216e-01 6.072899999999999826e-02
4.702009999999999801e-01 6.094700000000000117e-02
4.567519999999999913e-01 6.118599999999999733e-02
4.457220000000000071e-01 6.137000000000000094e-02
4.323159999999999781e-01 6.157699999999999979e-02
4.186920000000000086e-01 6.175800000000000040e-02
4.080619999999999803e-01 6.186500000000000332e-02
3.945810000000000151e-01 6.194199999999999706e-02
3.840459999999999985e-01 6.194299999999999806e-02
3.707289999999999752e-01 6.185199999999999726e-02
3.576920000000000099e-01 6.164599999999999941e-02
3.471910000000000274e-01 6.138199999999999906e-02
3.343470000000000053e-01 6.092399999999999899e-02
3.215120000000000200e-01 6.030599999999999850e-02
3.114029999999999854e-01 5.972000000000000225e-02
2.988179999999999725e-01 5.889400000000000190e-02
2.889129999999999754e-01 5.818700000000000261e-02
2.766089999999999938e-01 5.725899999999999740e-02
2.644980000000000109e-01 5.631300000000000194e-02
2.549379999999999979e-01 5.555299999999999822e-02
2.431419999999999970e-01 5.461099999999999982e-02
2.315859999999999863e-01 5.369000000000000161e-02
2.223100000000000076e-01 5.295500000000000207e-02
2.112219999999999931e-01 5.208499999999999935e-02
2.022440000000000071e-01 5.138299999999999812e-02
1.915530000000000010e-01 5.053300000000000153e-02
1.808299999999999907e-01 4.964199999999999863e-02
1.726300000000000057e-01 4.892400000000000221e-02
1.623370000000000091e-01 4.796500000000000069e-02
1.544959999999999944e-01 4.718399999999999678e-02
1.446570000000000078e-01 4.613500000000000240e-02
1.353449999999999931e-01 4.506399999999999989e-02
1.278330000000000022e-01 4.413999999999999868e-02
1.190179999999999988e-01 4.298300000000000037e-02
1.102280000000000065e-01 4.174400000000000333e-02
1.036090000000000066e-01 4.075100000000000250e-02
9.534399999999999820e-02 3.943100000000000077e-02
8.915399999999999714e-02 3.838099999999999845e-02
8.143499999999999350e-02 3.698800000000000004e-02
7.423100000000000531e-02 3.559799999999999770e-02
6.853199999999999570e-02 3.442800000000000027e-02
6.189900000000000263e-02 3.298100000000000337e-02
5.666600000000000109e-02 3.176500000000000157e-02
5.061700000000000227e-02 3.026699999999999877e-02
4.475599999999999717e-02 2.870400000000000035e-02
4.041100000000000247e-02 2.746600000000000083e-02
3.516600000000000281e-02 2.585399999999999851e-02
3.032800000000000079e-02 2.423700000000000160e-02
2.669300000000000145e-02 2.291299999999999934e-02
2.247100000000000139e-02 2.123399999999999940e-02
1.935699999999999921e-02 1.986299999999999871e-02
1.576100000000000070e-02 1.810900000000000010e-02
1.257899999999999990e-02 1.633599999999999983e-02
1.022099999999999918e-02 1.484399999999999956e-02
7.697999999999999982e-03 1.299900000000000014e-02
5.866999999999999819e-03 1.143599999999999998e-02
4.000000000000000083e-03 9.520999999999999949e-03
2.413999999999999913e-03 7.465000000000000281e-03
1.495000000000000018e-03 5.918999999999999782e-03
6.030000000000000204e-04 3.824000000000000142e-03
1.279999999999999942e-04 1.794999999999999938e-03
-0.000000000000000000e+00 1.240000000000000054e-04
1.289999999999999914e-04 -1.544999999999999932e-03
6.040000000000000447e-04 -3.570999999999999956e-03
1.495000000000000018e-03 -5.662999999999999631e-03
2.410999999999999949e-03 -7.207999999999999997e-03
3.989000000000000358e-03 -9.265999999999999931e-03
5.845000000000000369e-03 -1.118800000000000003e-02
7.662000000000000408e-03 -1.276300000000000004e-02
1.016700000000000069e-02 -1.463099999999999991e-02
1.250700000000000076e-02 -1.614900000000000016e-02
1.566400000000000084e-02 -1.796199999999999880e-02
1.923199999999999910e-02 -1.976699999999999985e-02
2.232500000000000109e-02 -2.118000000000000091e-02
2.652099999999999944e-02 -2.291400000000000034e-02
3.110900000000000123e-02 -2.463100000000000012e-02
3.495299999999999796e-02 -2.594899999999999984e-02
4.018000000000000044e-02 -2.760400000000000006e-02
4.451299999999999701e-02 -2.887100000000000083e-02
5.036299999999999805e-02 -3.046400000000000149e-02
5.640400000000000275e-02 -3.198100000000000248e-02
6.163099999999999828e-02 -3.321099999999999747e-02
6.826100000000000223e-02 -3.466999999999999943e-02
7.541399999999999493e-02 -3.614200000000000051e-02
8.115899999999999503e-02 -3.725200000000000039e-02
8.887799999999999867e-02 -3.866300000000000292e-02
9.506799999999999973e-02 -3.972900000000000043e-02
1.033319999999999933e-01 -4.107800000000000340e-02
1.116309999999999941e-01 -4.234999999999999876e-02
1.187420000000000003e-01 -4.338100000000000289e-02
1.275580000000000047e-01 -4.458800000000000263e-02
1.350699999999999956e-01 -4.555900000000000227e-02
1.443820000000000103e-01 -4.669100000000000333e-02
1.542209999999999970e-01 -4.780800000000000327e-02
1.620610000000000106e-01 -4.864099999999999674e-02
1.723530000000000062e-01 -4.965900000000000175e-02
1.826180000000000025e-01 -5.059099999999999708e-02
1.912739999999999996e-01 -5.131200000000000344e-02
2.019630000000000036e-01 -5.211899999999999866e-02
2.109389999999999876e-01 -5.272700000000000303e-02
2.221200000000000119e-01 -5.339499999999999802e-02
2.335710000000000008e-01 -5.398599999999999927e-02
2.428530000000000133e-01 -5.439700000000000091e-02
2.546470000000000122e-01 -5.484200000000000186e-02
2.642039999999999944e-01 -5.514199999999999657e-02
2.763120000000000021e-01 -5.545599999999999835e-02
2.886139999999999817e-01 -5.570300000000000251e-02
2.985169999999999768e-01 -5.585799999999999793e-02
3.111010000000000164e-01 -5.600299999999999723e-02
3.237180000000000057e-01 -5.610199999999999909e-02
3.340420000000000056e-01 -5.614899999999999752e-02
3.468829999999999969e-01 -5.617500000000000271e-02
3.573810000000000042e-01 -5.616000000000000159e-02
3.704120000000000190e-01 -5.609000000000000097e-02
3.837189999999999768e-01 -5.595200000000000173e-02
3.942410000000000081e-01 -5.578899999999999831e-02
4.077020000000000088e-01 -5.551199999999999884e-02
4.209959999999999813e-01 -5.515699999999999770e-02
4.318980000000000041e-01 -5.480800000000000255e-02
4.452599999999999891e-01 -5.430499999999999911e-02
4.562470000000000137e-01 -5.383700000000000291e-02
4.696339999999999959e-01 -5.321300000000000335e-02
4.834019999999999984e-01 -5.254299999999999943e-02
4.940599999999999992e-01 -5.201499999999999874e-02
5.078799999999999981e-01 -5.135300000000000281e-02
5.212059999999999471e-01 -5.075400000000000050e-02
5.323320000000000274e-01 -5.031000000000000055e-02
5.455640000000000489e-01 -4.986000000000000154e-02
5.567020000000000302e-01 -4.956900000000000195e-02
5.698039999999999772e-01 -4.932700000000000279e-02
5.834570000000000034e-01 -4.914400000000000018e-02
5.938750000000000417e-01 -4.900899999999999701e-02
6.074509999999999632e-01 -4.878899999999999904e-02
6.203840000000000465e-01 -4.847499999999999726e-02
6.311890000000000001e-01 -4.809599999999999986e-02
6.441249999999999476e-01 -4.744999999999999912e-02
6.569869999999999877e-01 -4.655299999999999716e-02
6.677840000000000442e-01 -4.556199999999999833e-02
6.799929999999999586e-01 -4.415800000000000280e-02
6.906390000000000029e-01 -4.270800000000000290e-02
7.025780000000000358e-01 -4.086999999999999661e-02
7.154690000000000216e-01 -3.868300000000000211e-02
7.268700000000000161e-01 -3.661600000000000271e-02
7.373060000000000169e-01 -3.465300000000000324e-02
7.483880000000000532e-01 -3.252300000000000330e-02
7.585819999999999785e-01 -3.055099999999999830e-02
7.693280000000000118e-01 -2.848499999999999990e-02
7.814780000000000060e-01 -2.619099999999999900e-02
7.918669999999999876e-01 -2.428500000000000103e-02
8.014010000000000300e-01 -2.258900000000000144e-02
8.114160000000000261e-01 -2.085599999999999954e-02
8.206050000000000288e-01 -1.930899999999999977e-02
8.302289999999999948e-01 -1.773100000000000023e-02
8.390440000000000120e-01 -1.632499999999999923e-02
8.482610000000000428e-01 -1.489700000000000052e-02
8.585679999999999978e-01 -1.335500000000000055e-02
8.673469999999999791e-01 -1.208799999999999979e-02
8.752459999999999685e-01 -1.098700000000000024e-02
8.835800000000000320e-01 -9.867000000000000770e-03
8.910219999999999807e-01 -8.907999999999999252e-03
8.988960000000000283e-01 -7.934999999999999346e-03
9.072750000000000536e-01 -6.968000000000000235e-03
9.148220000000000240e-01 -6.153999999999999748e-03
9.210409999999999986e-01 -5.512999999999999672e-03
9.280709999999999793e-01 -4.826000000000000428e-03
9.337910000000000377e-01 -4.296999999999999605e-03
9.405120000000000147e-01 -3.710000000000000190e-03
9.466250000000000497e-01 -3.212000000000000011e-03
9.517160000000000064e-01 -2.824000000000000121e-03
9.571450000000000236e-01 -2.438000000000000063e-03
9.627130000000000409e-01 -2.073999999999999889e-03
9.674779999999999491e-01 -1.789999999999999925e-03
9.714669999999999694e-01 -1.569000000000000082e-03
9.756439999999999557e-01 -1.358000000000000049e-03
9.798200000000000243e-01 -1.164000000000000104e-03
9.833790000000000031e-01 -1.013999999999999927e-03
9.867489999999999872e-01 -8.829999999999999958e-04
9.896770000000000289e-01 -7.789999999999999616e-04
9.922130000000000116e-01 -6.960000000000000041e-04
9.948939999999999451e-01 -6.160000000000000111e-04
9.968939999999999468e-01 -5.609999999999999752e-04
9.985889999999999489e-01 -5.169999999999999899e-04
1.000000000000000000e+00 -4.840000000000000010e-04
1.000000000000000000e+00 -5.300000000000000078e-05
