1.000000000000000000e+00 -7.999999999999999638e-06
1.000000000000000000e+00 4.440000000000000045e-04
9.986150000000000304e-01 7.479999999999999670e-04
9.969519999999999493e-01 1.106999999999999911e-03
9.946540000000000381e-01 1.592000000000000099e-03
9.923549999999999871e-01 2.066999999999999827e-03
9.898639999999999661e-01 2.573000000000000200e-03
9.869879999999999765e-01 3.147000000000000058e-03
9.836770000000000236e-01 3.795999999999999895e-03
9.801809999999999690e-01 4.470000000000000015e-03
9.760760000000000547e-01 5.246999999999999928e-03
9.719710000000000294e-01 6.011999999999999983e-03
9.671419999999999462e-01 6.897000000000000353e-03
9.623819999999999597e-01 7.755999999999999873e-03
9.578870000000000440e-01 8.555999999999999370e-03
9.522699999999999498e-01 9.542999999999999400e-03
9.464190000000000103e-01 1.055900000000000068e-02
9.399690000000000545e-01 1.166500000000000002e-02
9.348929999999999740e-01 1.252600000000000068e-02
9.278170000000000028e-01 1.371499999999999976e-02
9.210129999999999706e-01 1.484700000000000082e-02
9.146349999999999758e-01 1.589799999999999894e-02
9.073329999999999451e-01 1.709000000000000102e-02
8.987960000000000393e-01 1.848800000000000096e-02
8.909920000000000062e-01 1.977699999999999944e-02
8.835450000000000248e-01 2.100399999999999837e-02
8.752760000000000540e-01 2.236300000000000093e-02
8.673659999999999703e-01 2.366000000000000048e-02
8.586460000000000203e-01 2.509000000000000119e-02
8.483349999999999502e-01 2.678200000000000025e-02
8.391659999999999675e-01 2.829200000000000118e-02
8.303239999999999510e-01 2.975500000000000020e-02
8.207370000000000498e-01 3.135099999999999693e-02
8.115090000000000359e-01 3.289600000000000163e-02
8.015200000000000102e-01 3.458100000000000063e-02
7.899629999999999708e-01 3.654099999999999709e-02
7.793280000000000207e-01 3.835100000000000314e-02
7.696020000000000083e-01 4.000599999999999989e-02
7.585960000000000480e-01 4.187199999999999950e-02
7.485779999999999657e-01 4.355500000000000344e-02
7.372220000000000439e-01 4.543500000000000316e-02
7.269440000000000346e-01 4.709599999999999898e-02
7.147639999999999549e-01 4.899499999999999689e-02
7.024939999999999518e-01 5.080699999999999800e-02
6.920490000000000252e-01 5.224700000000000177e-02
6.797309999999999741e-01 5.379699999999999760e-02
6.691099999999999826e-01 5.498100000000000209e-02
6.565250000000000252e-01 5.617699999999999777e-02
6.431099999999999595e-01 5.721799999999999803e-02
6.329329999999999679e-01 5.786600000000000077e-02
6.193670000000000009e-01 5.856000000000000094e-02
6.065199999999999481e-01 5.906700000000000145e-02
5.953340000000000298e-01 5.940800000000000247e-02
5.822899999999999743e-01 5.971300000000000219e-02
5.710690000000000488e-01 5.991500000000000298e-02
5.578619999999999690e-01 6.010800000000000171e-02
5.466360000000000108e-01 6.025699999999999806e-02
5.333020000000000538e-01 6.042399999999999854e-02
5.193489999999999496e-01 6.059500000000000303e-02
5.086730000000000418e-01 6.072500000000000120e-02
4.947630000000000083e-01 6.090000000000000274e-02
4.813160000000000216e-01 6.107800000000000035e-02
4.702009999999999801e-01 6.123800000000000077e-02
4.567519999999999913e-01 6.144999999999999768e-02
4.457220000000000071e-01 6.164499999999999841e-02
4.323159999999999781e-01 6.190400000000000069e-02
4.186920000000000086e-01 6.217199999999999810e-02
4.080619999999999803e-01 6.235999999999999877e-02
3.945810000000000151e-01 6.254200000000000037e-02
3.840459999999999985e-01 6.261799999999999311e-02
3.707289999999999752e-01 6.260100000000000386e-02
3.576920000000000099e-01 6.242999999999999938e-02
3.471910000000000274e-01 6.215699999999999698e-02
3.343470000000000053e-01 6.162999999999999728e-02
3.215120000000000200e-01 6.086699999999999749e-02
3.114029999999999854e-01 6.011799999999999783e-02
2.988179999999999725e-01 5.904000000000000220e-02
2.889129999999999754e-01 5.810599999999999793e-02
2.766089999999999938e-01 5.687400000000000094e-02
2.644980000000000109e-01 5.561499999999999777e-02
2.549379999999999979e-01 5.460799999999999682e-02
2.431419999999999970e-01 5.336799999999999877e-02
2.315859999999999863e-01 5.217200000000000309e-02
2.223100000000000076e-01 5.123300000000000076e-02
2.112219999999999931e-01 5.014300000000000007e-02
2.022440000000000071e-01 4.928600000000000342e-02
1.915530000000000010e-01 4.827700000000000047e-02
1.808299999999999907e-01 4.725200000000000233e-02
1.726300000000000057e-01 4.644800000000000317e-02
1.623370000000000091e-01 4.539599999999999885e-02
1.544959999999999944e-01 4.455499999999999738e-02
1.446570000000000078e-01 4.344100000000000045e-02
1.353449999999999931e-01 4.231900000000000245e-02
1.278330000000000022e-01 4.136000000000000093e-02
1.190179999999999988e-01 4.016800000000000231e-02
1.102280000000000065e-01 3.890099999999999808e-02
1.036090000000000066e-01 3.789200000000000207e-02
9.534399999999999820e-02 3.655900000000000122e-02
8.915399999999999714e-02 3.550400000000000084e-02
8.143499999999999350e-02 3.411200000000000343e-02
7.423100000000000531e-02 3.273299999999999821e-02
6.853199999999999570e-02 3.157800000000000190e-02
6.189900000000000263e-02 3.015800000000000078e-02
5.666600000000000109e-02 2.896999999999999922e-02
5.061700000000000227e-02 2.751800000000000079e-02
4.475599999999999717e-02 2.601099999999999940e-02
4.041100000000000247e-02 2.482499999999999984e-02
3.516600000000000281e-02 2.329099999999999920e-02
3.032800000000000079e-02 2.176200000000000009e-02
2.669300000000000145e-02 2.051800000000000151e-02
2.247100000000000139e-02 1.895099999999999910e-02
1.935699999999999921e-02 1.768000000000000127e-02
1.576100000000000070e-02 1.606300000000000089e-02
1.257899999999999990e-02 1.444100000000000071e-02
1.022099999999999918e-02 1.308400000000000014e-02
7.697999999999999982e-03 1.141499999999999980e-02
5.866999999999999819e-03 1.000999999999999980e-02
4.000000000000000083e-03 8.299000000000000821e-03
2.413999999999999913e-03 6.472000000000000322e-03
1.495000000000000018e-03 5.106000000000000295e-03
6.030000000000000204e-04 3.265999999999999806e-03
1.279999999999999942e-04 1.495000000000000018e-03
-0.000000000000000000e+00 4.600000000000000004e-05
1.289999999999999914e-04 -1.392999999999999924e-03
6.040000000000000447e-04 -3.128000000000000138e-03
1.495000000000000018e-03 -4.903000000000000240e-03
2.410999999999999949e-03 -6.204999999999999578e-03
3.989000000000000358e-03 -7.924999999999999753e-03
5.845000000000000369e-03 -9.516999999999999418e-03
7.662000000000000408e-03 -1.081099999999999943e-02
1.016700000000000069e-02 -1.233300000000000021e-02
1.250700000000000076e-02 -1.356100000000000014e-02
1.566400000000000084e-02 -1.501599999999999983e-02
1.923199999999999910e-02 -1.645399999999999988e-02
2.232500000000000109e-02 -1.757399999999999934e-02
2.652099999999999944e-02 -1.894300000000000150e-02
3.110900000000000123e-02 -2.029399999999999954e-02
3.495299999999999796e-02 -2.132799999999999974e-02
4.018000000000000044e-02 -2.262899999999999981e-02
4.451299999999999701e-02 -2.362600000000000117e-02
5.036299999999999805e-02 -2.488500000000000087e-02
5.640400000000000275e-02 -2.609399999999999914e-02
6.163099999999999828e-02 -2.708400000000000044e-02
6.826100000000000223e-02 -2.827199999999999852e-02
7.541399999999999493e-02 -2.949200000000000085e-02
8.115899999999999503e-02 -3.042999999999999872e-02
8.887799999999999867e-02 -3.164700000000000152e-02
9.506799999999999973e-02 -3.259000000000000091e-02
1.033319999999999933e-01 -3.381800000000000084e-02
1.116309999999999941e-01 -3.501800000000000052e-02
1.187420000000000003e-01 -3.602600000000000247e-02
1.275580000000000047e-01 -3.725099999999999939e-02
1.350699999999999956e-01 -3.827799999999999953e-02
1.443820000000000103e-01 -3.952699999999999964e-02
1.542209999999999970e-01 -4.082100000000000312e-02
1.620610000000000106e-01 -4.182799999999999713e-02
1.723530000000000062e-01 -4.311000000000000248e-02
1.826180000000000025e-01 -4.432599999999999735e-02
1.912739999999999996e-01 -4.528299999999999687e-02
2.019630000000000036e-01 -4.634699999999999931e-02
2.109389999999999876e-01 -4.710799999999999710e-02
2.221200000000000119e-01 -4.784200000000000258e-02
2.335710000000000008e-01 -4.835699999999999721e-02
2.428530000000000133e-01 -4.861599999999999949e-02
2.546470000000000122e-01 -4.877700000000000091e-02
2.642039999999999944e-01 -4.879900000000000210e-02
2.763120000000000021e-01 -4.874300000000000160e-02
2.886139999999999817e-01 -4.865699999999999886e-02
2.985169999999999768e-01 -4.862600000000000255e-02
3.111010000000000164e-01 -4.871299999999999936e-02
3.237180000000000057e-01 -4.904499999999999832e-02
3.340420000000000056e-01 -4.956499999999999795e-02
3.468829999999999969e-01 -5.057299999999999990e-02
3.573810000000000042e-01 -5.163600000000000134e-02
3.704120000000000190e-01 -5.316300000000000192e-02
3.837189999999999768e-01 -5.485199999999999798e-02
3.942410000000000081e-01 -5.620499999999999802e-02
4.077020000000000088e-01 -5.786000000000000171e-02
4.209959999999999813e-01 -5.930499999999999661e-02
4.318980000000000041e-01 -6.027199999999999919e-02
4.452599999999999891e-01 -6.109300000000000147e-02
4.562470000000000137e-01 -6.142000000000000237e-02
4.696339999999999959e-01 -6.142199999999999743e-02
4.834019999999999984e-01 -6.104799999999999810e-02
4.940599999999999992e-01 -6.053900000000000253e-02
5.078799999999999981e-01 -5.966500000000000276e-02
5.212059999999999471e-01 -5.865399999999999781e-02
5.323320000000000274e-01 -5.774100000000000066e-02
5.455640000000000489e-01 -5.662600000000000272e-02
5.567020000000000302e-01 -5.571399999999999963e-02
5.698039999999999772e-01 -5.469999999999999862e-02
5.834570000000000034e-01 -5.369100000000000261e-02
5.938750000000000417e-01 -5.292399999999999882e-02
6.074509999999999632e-01 -5.189799999999999969e-02
6.203840000000000465e-01 -5.085300000000000237e-02
6.311890000000000001e-01 -4.990499999999999797e-02
6.441249999999999476e-01 -4.864799999999999680e-02
6.569869999999999877e-01 -4.723499999999999921e-02
6.677840000000000442e-01 -4.589800000000000130e-02
6.799929999999999586e-01 -4.420600000000000224e-02
6.906390000000000029e-01 -4.258599999999999886e-02
7.025780000000000358e-01 -4.063200000000000145e-02
7.154690000000000216e-01 -3.838799999999999851e-02
7.268700000000000161e-01 -3.631500000000000006e-02
7.373060000000000169e-01 -3.436700000000000171e-02
7.483880000000000532e-01 -3.226500000000000201e-02
7.585819999999999785e-01 -3.031999999999999973e-02
7.693280000000000118e-01 -2.827199999999999852e-02
7.814780000000000060e-01 -2.597800000000000109e-02
7.918669999999999876e-01 -2.404500000000000040e-02
8.014010000000000300e-01 -2.230199999999999891e-02
8.114160000000000261e-01 -2.050099999999999839e-02
8.206050000000000288e-01 -1.888000000000000095e-02
8.302289999999999948e-01 -1.721599999999999867e-02
8.390440000000000120e-01 -1.572799999999999893e-02
8.482610000000000428e-01 -1.421000000000000041e-02
8.585679999999999978e-01 -1.256600000000000078e-02
8.673469999999999791e-01 -1.121400000000000001e-02
8.752459999999999685e-01 -1.004000000000000031e-02
8.835800000000000320e-01 -8.847999999999999962e-03
8.910219999999999807e-01 -7.827999999999999889e-03
8.988960000000000283e-01 -6.800999999999999754e-03
9.072750000000000536e-01 -5.788999999999999875e-03
9.148220000000000240e-01 -4.945999999999999876e-03
9.210409999999999986e-01 -4.292999999999999941e-03
9.280709999999999793e-01 -3.603999999999999999e-03
9.337910000000000377e-01 -3.083999999999999936e-03
9.405120000000000147e-01 -2.521999999999999936e-03
9.466250000000000497e-01 -2.062000000000000031e-03
9.517160000000000064e-01 -1.716000000000000077e-03
9.571450000000000236e-01 -1.389999999999999960e-03
9.627130000000000409e-01 -1.100999999999999982e-03
9.674779999999999491e-01 -8.940000000000000464e-04
9.714669999999999694e-01 -7.479999999999999670e-04
9.756439999999999557e-01 -6.229999999999999644e-04
9.798200000000000243e-01 -5.270000000000000162e-04
9.833790000000000031e-01 -4.670000000000000214e-04
9.867489999999999872e-01 -4.290000000000000193e-04
9.896770000000000289e-01 -4.119999999999999856e-04
9.922130000000000116e-01 -4.070000000000000267e-04
9.948939999999999451e-01 -4.139999999999999800e-04
9.968939999999999468e-01 -4.270000000000000249e-04
9.985889999999999489e-01 -4.429999999999999802e-04
1.000000000000000000e+00 -4.609999999999999840e-04
1.000000000000000000e+00 -7.999999999999999638e-06
