1.000000000000000000e+00 -1.699999999999999987e-05
1.000000000000000000e+00 4.560000000000000251e-04
9.986150000000000304e-01 7.500000000000000156e-04
9.969519999999999493e-01 1.093999999999999920e-03
9.946540000000000381e-01 1.554999999999999959e-03
9.923549999999999871e-01 2.004999999999999838e-03
9.898639999999999661e-01 2.480000000000000000e-03
9.869879999999999765e-01 3.016000000000000018e-03
9.836770000000000236e-01 3.619999999999999954e-03
9.801809999999999690e-01 4.244000000000000376e-03
9.760760000000000547e-01 4.963000000000000397e-03
9.719710000000000294e-01 5.669999999999999693e-03
9.671419999999999462e-01 6.488999999999999976e-03
9.623819999999999597e-01 7.285999999999999942e-03
9.578870000000000440e-01 8.031999999999999210e-03
9.522699999999999498e-01 8.956999999999999684e-03
9.464190000000000103e-01 9.915999999999999467e-03
9.399690000000000545e-01 1.097000000000000058e-02
9.348929999999999740e-01 1.179900000000000046e-02
9.278170000000000028e-01 1.295600000000000050e-02
9.210129999999999706e-01 1.407199999999999944e-02
9.146349999999999758e-01 1.512299999999999929e-02
9.073329999999999451e-01 1.633099999999999830e-02
8.987960000000000393e-01 1.777099999999999860e-02
8.909920000000000062e-01 1.911900000000000058e-02
8.835450000000000248e-01 2.042199999999999918e-02
8.752760000000000540e-01 2.188700000000000020e-02
8.673659999999999703e-01 2.330499999999999933e-02
8.586460000000000203e-01 2.488699999999999940e-02
8.483349999999999502e-01 2.678099999999999925e-02
8.391659999999999675e-01 2.848499999999999990e-02
8.303239999999999510e-01 3.013700000000000059e-02
8.207370000000000498e-01 3.193000000000000005e-02
8.115090000000000359e-01 3.364000000000000323e-02
8.015200000000000102e-01 3.545600000000000140e-02
7.899629999999999708e-01 3.746599999999999930e-02
7.793280000000000207e-01 3.919000000000000261e-02
7.696020000000000083e-01 4.064500000000000057e-02
7.585960000000000480e-01 4.215599999999999903e-02
7.485779999999999657e-01 4.340900000000000314e-02
7.372220000000000439e-01 4.469599999999999962e-02
7.269440000000000346e-01 4.574700000000000294e-02
7.147639999999999549e-01 4.686799999999999994e-02
7.024939999999999518e-01 4.788499999999999701e-02
6.920490000000000252e-01 4.868100000000000205e-02
6.797309999999999741e-01 4.956699999999999995e-02
6.691099999999999826e-01 5.031000000000000055e-02
6.565250000000000252e-01 5.119100000000000039e-02
6.431099999999999595e-01 5.213600000000000179e-02
6.329329999999999679e-01 5.285399999999999820e-02
6.193670000000000009e-01 5.380200000000000260e-02
6.065199999999999481e-01 5.468599999999999850e-02
5.953340000000000298e-01 5.543700000000000017e-02
5.822899999999999743e-01 5.628699999999999676e-02
5.710690000000000488e-01 5.698799999999999699e-02
5.578619999999999690e-01 5.777299999999999797e-02
5.466360000000000108e-01 5.840399999999999758e-02
5.333020000000000538e-01 5.910300000000000276e-02
5.193489999999999496e-01 5.977099999999999774e-02
5.086730000000000418e-01 6.023499999999999688e-02
4.947630000000000083e-01 6.077300000000000063e-02
4.813160000000000216e-01 6.121599999999999958e-02
4.702009999999999801e-01 6.152300000000000130e-02
4.567519999999999913e-01 6.181500000000000189e-02
4.457220000000000071e-01 6.199000000000000343e-02
4.323159999999999781e-01 6.211699999999999861e-02
4.186920000000000086e-01 6.215199999999999891e-02
4.080619999999999803e-01 6.211499999999999660e-02
3.945810000000000151e-01 6.198800000000000143e-02
3.840459999999999985e-01 6.182499999999999801e-02
3.707289999999999752e-01 6.153999999999999748e-02
3.576920000000000099e-01 6.117600000000000121e-02
3.471910000000000274e-01 6.081999999999999906e-02
3.343470000000000053e-01 6.030800000000000050e-02
3.215120000000000200e-01 5.971400000000000319e-02
3.114029999999999854e-01 5.919300000000000256e-02
2.988179999999999725e-01 5.848500000000000226e-02
2.889129999999999754e-01 5.788800000000000195e-02
2.766089999999999938e-01 5.710300000000000098e-02
2.644980000000000109e-01 5.628799999999999776e-02
2.549379999999999979e-01 5.561599999999999877e-02
2.431419999999999970e-01 5.475499999999999812e-02
2.315859999999999863e-01 5.387700000000000128e-02
2.223100000000000076e-01 5.314699999999999980e-02
2.112219999999999931e-01 5.224399999999999877e-02
2.022440000000000071e-01 5.148599999999999705e-02
1.915530000000000010e-01 5.054199999999999665e-02
1.808299999999999907e-01 4.953699999999999770e-02
1.726300000000000057e-01 4.872400000000000342e-02
1.623370000000000091e-01 4.763699999999999879e-02
1.544959999999999944e-01 4.675399999999999695e-02
1.446570000000000078e-01 4.557499999999999746e-02
1.353449999999999931e-01 4.437900000000000178e-02
1.278330000000000022e-01 4.335200000000000164e-02
1.190179999999999988e-01 4.207500000000000129e-02
1.102280000000000065e-01 4.071500000000000119e-02
1.036090000000000066e-01 3.963200000000000056e-02
9.534399999999999820e-02 3.819899999999999685e-02
8.915399999999999714e-02 3.706600000000000172e-02
8.143499999999999350e-02 3.556999999999999745e-02
7.423100000000000531e-02 3.408699999999999924e-02
6.853199999999999570e-02 3.284600000000000020e-02
6.189900000000000263e-02 3.132000000000000062e-02
5.666600000000000109e-02 3.004400000000000126e-02
5.061700000000000227e-02 2.848499999999999990e-02
4.475599999999999717e-02 2.686900000000000052e-02
4.041100000000000247e-02 2.559900000000000023e-02
3.516600000000000281e-02 2.395999999999999866e-02
3.032800000000000079e-02 2.233100000000000016e-02
2.669300000000000145e-02 2.101000000000000090e-02
2.247100000000000139e-02 1.935299999999999868e-02
1.935699999999999921e-02 1.801499999999999976e-02
1.576100000000000070e-02 1.632199999999999970e-02
1.257899999999999990e-02 1.463399999999999944e-02
1.022099999999999918e-02 1.323099999999999971e-02
7.697999999999999982e-03 1.151699999999999946e-02
5.866999999999999819e-03 1.008200000000000068e-02
4.000000000000000083e-03 8.344000000000000722e-03
2.413999999999999913e-03 6.498000000000000304e-03
1.495000000000000018e-03 5.121999999999999817e-03
6.030000000000000204e-04 3.269999999999999903e-03
1.279999999999999942e-04 1.487000000000000040e-03
-0.000000000000000000e+00 2.199999999999999943e-05
1.289999999999999914e-04 -1.441000000000000007e-03
6.040000000000000447e-04 -3.219000000000000073e-03
1.495000000000000018e-03 -5.061999999999999660e-03
2.410999999999999949e-03 -6.432000000000000217e-03
3.989000000000000358e-03 -8.271000000000000574e-03
5.845000000000000369e-03 -1.000599999999999927e-02
7.662000000000000408e-03 -1.144399999999999931e-02
1.016700000000000069e-02 -1.316900000000000015e-02
1.250700000000000076e-02 -1.459000000000000054e-02
1.566400000000000084e-02 -1.630799999999999958e-02
1.923199999999999910e-02 -1.804400000000000101e-02
2.232500000000000109e-02 -1.942299999999999929e-02
2.652099999999999944e-02 -2.113900000000000154e-02
3.110900000000000123e-02 -2.286499999999999991e-02
3.495299999999999796e-02 -2.420800000000000035e-02
4.018000000000000044e-02 -2.591999999999999860e-02
4.451299999999999701e-02 -2.724999999999999992e-02
5.036299999999999805e-02 -2.894599999999999951e-02
5.640400000000000275e-02 -3.059200000000000114e-02
6.163099999999999828e-02 -3.194700000000000317e-02
6.826100000000000223e-02 -3.358200000000000074e-02
7.541399999999999493e-02 -3.526399999999999674e-02
8.115899999999999503e-02 -3.655900000000000122e-02
8.887799999999999867e-02 -3.823499999999999815e-02
9.506799999999999973e-02 -3.953099999999999670e-02
1.033319999999999933e-01 -4.120800000000000157e-02
1.116309999999999941e-01 -4.283499999999999808e-02
1.187420000000000003e-01 -4.419200000000000211e-02
1.275580000000000047e-01 -4.582800000000000068e-02
1.350699999999999956e-01 -4.718699999999999978e-02
1.443820000000000103e-01 -4.882999999999999841e-02
1.542209999999999970e-01 -5.051900000000000140e-02
1.620610000000000106e-01 -5.183000000000000107e-02
1.723530000000000062e-01 -5.350400000000000295e-02
1.826180000000000025e-01 -5.510999999999999927e-02
1.912739999999999996e-01 -5.640699999999999881e-02
2.019630000000000036e-01 -5.791700000000000320e-02
2.109389999999999876e-01 -5.908800000000000163e-02
2.221200000000000119e-01 -6.039900000000000130e-02
2.335710000000000008e-01 -6.156400000000000067e-02
2.428530000000000133e-01 -6.237800000000000289e-02
2.546470000000000122e-01 -6.324499999999999567e-02
2.642039999999999944e-01 -6.381299999999999473e-02
2.763120000000000021e-01 -6.436799999999999466e-02
2.886139999999999817e-01 -6.474699999999999900e-02
2.985169999999999768e-01 -6.492599999999999760e-02
3.111010000000000164e-01 -6.499900000000000122e-02
3.237180000000000057e-01 -6.491800000000000348e-02
3.340420000000000056e-01 -6.474499999999999700e-02
3.468829999999999969e-01 -6.441700000000000204e-02
3.573810000000000042e-01 -6.405500000000000083e-02
3.704120000000000190e-01 -6.349100000000000577e-02
3.837189999999999768e-01 -6.278799999999999659e-02
3.942410000000000081e-01 -6.214499999999999885e-02
4.077020000000000088e-01 -6.122099999999999764e-02
4.209959999999999813e-01 -6.020299999999999957e-02
4.318980000000000041e-01 -5.930200000000000055e-02
4.452599999999999891e-01 -5.812300000000000105e-02
4.562470000000000137e-01 -5.711000000000000104e-02
4.696339999999999959e-01 -5.583599999999999675e-02
4.834019999999999984e-01 -5.451700000000000296e-02
4.940599999999999992e-01 -5.350200000000000095e-02
5.078799999999999981e-01 -5.222899999999999765e-02
5.212059999999999471e-01 -5.106700000000000128e-02
5.323320000000000274e-01 -5.017400000000000332e-02
5.455640000000000489e-01 -4.921699999999999686e-02
5.567020000000000302e-01 -4.852399999999999769e-02
5.698039999999999772e-01 -4.783799999999999858e-02
5.834570000000000034e-01 -4.723700000000000121e-02
5.938750000000000417e-01 -4.681699999999999751e-02
6.074509999999999632e-01 -4.627799999999999969e-02
6.203840000000000465e-01 -4.572199999999999875e-02
6.311890000000000001e-01 -4.519100000000000200e-02
6.441249999999999476e-01 -4.443099999999999827e-02
6.569869999999999877e-01 -4.349900000000000294e-02
6.677840000000000442e-01 -4.254399999999999848e-02
6.799929999999999586e-01 -4.125100000000000294e-02
6.906390000000000029e-01 -3.994999999999999940e-02
7.025780000000000358e-01 -3.832100000000000090e-02
7.154690000000000216e-01 -3.639200000000000074e-02
7.268700000000000161e-01 -3.456499999999999850e-02
7.373060000000000169e-01 -3.282000000000000195e-02
7.483880000000000532e-01 -3.091100000000000098e-02
7.585819999999999785e-01 -2.912599999999999911e-02
7.693280000000000118e-01 -2.723199999999999926e-02
7.814780000000000060e-01 -2.509700000000000125e-02
7.918669999999999876e-01 -2.329399999999999873e-02
8.014010000000000300e-01 -2.166500000000000023e-02
8.114160000000000261e-01 -1.997900000000000023e-02
8.206050000000000288e-01 -1.845799999999999871e-02
8.302289999999999948e-01 -1.689500000000000030e-02
8.390440000000000120e-01 -1.549400000000000083e-02
8.482610000000000428e-01 -1.406300000000000085e-02
8.585679999999999978e-01 -1.251099999999999955e-02
8.673469999999999791e-01 -1.123299999999999993e-02
8.752459999999999685e-01 -1.012200000000000079e-02
8.835800000000000320e-01 -8.991000000000000728e-03
8.910219999999999807e-01 -8.023999999999999883e-03
8.988960000000000283e-01 -7.046000000000000180e-03
9.072750000000000536e-01 -6.080999999999999600e-03
9.148220000000000240e-01 -5.274000000000000042e-03
9.210409999999999986e-01 -4.645999999999999956e-03
9.280709999999999793e-01 -3.977999999999999765e-03
9.337910000000000377e-01 -3.469999999999999994e-03
9.405120000000000147e-01 -2.916999999999999888e-03
9.466250000000000497e-01 -2.455999999999999850e-03
9.517160000000000064e-01 -2.105000000000000100e-03
9.571450000000000236e-01 -1.766999999999999908e-03
9.627130000000000409e-01 -1.459999999999999926e-03
9.674779999999999491e-01 -1.229999999999999974e-03
9.714669999999999694e-01 -1.061000000000000094e-03
9.756439999999999557e-01 -9.089999999999999773e-04
9.798200000000000243e-01 -7.789999999999999616e-04
9.833790000000000031e-01 -6.890000000000000508e-04
9.867489999999999872e-01 -6.170000000000000354e-04
9.896770000000000289e-01 -5.689999999999999529e-04
9.922130000000000116e-01 -5.360000000000000181e-04
9.948939999999999451e-01 -5.100000000000000366e-04
9.968939999999999468e-01 -4.979999999999999618e-04
9.985889999999999489e-01 -4.920000000000000328e-04
1.000000000000000000e+00 -4.899999999999999842e-04
1.000000000000000000e+00 -1.699999999999999987e-05
