1.000000000000000000e+00 1.000000000000000048e-04
1.000000000000000000e+00 5.140000000000000254e-04
9.986150000000000304e-01 9.560000000000000355e-04
9.969519999999999493e-01 1.476000000000000098e-03
9.946540000000000381e-01 2.177999999999999815e-03
9.923549999999999871e-01 2.866000000000000058e-03
9.898639999999999661e-01 3.593999999999999972e-03
9.869879999999999765e-01 4.415999999999999787e-03
9.836770000000000236e-01 5.342000000000000394e-03
9.801809999999999690e-01 6.296999999999999646e-03
9.760760000000000547e-01 7.391000000000000000e-03
9.719710000000000294e-01 8.460000000000000506e-03
9.671419999999999462e-01 9.684999999999999165e-03
9.623819999999999597e-01 1.086200000000000013e-02
9.578870000000000440e-01 1.194699999999999929e-02
9.522699999999999498e-01 1.326800000000000028e-02
9.464190000000000103e-01 1.460599999999999919e-02
9.399690000000000545e-01 1.603699999999999917e-02
9.348929999999999740e-01 1.713100000000000039e-02
9.278170000000000028e-01 1.860900000000000054e-02
9.210129999999999706e-01 1.997799999999999923e-02
9.146349999999999758e-01 2.121599999999999875e-02
9.073329999999999451e-01 2.257500000000000132e-02
8.987960000000000393e-01 2.409999999999999989e-02
8.909920000000000062e-01 2.543799999999999881e-02
8.835450000000000248e-01 2.665000000000000008e-02
8.752760000000000540e-01 2.791799999999999837e-02
8.673659999999999703e-01 2.905299999999999896e-02
8.586460000000000203e-01 3.021199999999999927e-02
8.483349999999999502e-01 3.145599999999999785e-02
8.391659999999999675e-01 3.244799999999999768e-02
8.303239999999999510e-01 3.330000000000000321e-02
8.207370000000000498e-01 3.411100000000000243e-02
8.115090000000000359e-01 3.478500000000000342e-02
8.015200000000000102e-01 3.540900000000000297e-02
7.899629999999999708e-01 3.601399999999999740e-02
7.793280000000000207e-01 3.649199999999999666e-02
7.696020000000000083e-01 3.687499999999999806e-02
7.585960000000000480e-01 3.725400000000000239e-02
7.485779999999999657e-01 3.755599999999999911e-02
7.372220000000000439e-01 3.786400000000000182e-02
7.269440000000000346e-01 3.812200000000000311e-02
7.147639999999999549e-01 3.842500000000000082e-02
7.024939999999999518e-01 3.875399999999999678e-02
6.920490000000000252e-01 3.907599999999999962e-02
6.797309999999999741e-01 3.953299999999999870e-02
6.691099999999999826e-01 4.001799999999999802e-02
6.565250000000000252e-01 4.072300000000000225e-02
6.431099999999999595e-01 4.162400000000000128e-02
6.329329999999999679e-01 4.239899999999999919e-02
6.193670000000000009e-01 4.353400000000000325e-02
6.065199999999999481e-01 4.469800000000000162e-02
5.953340000000000298e-01 4.576399999999999912e-02
5.822899999999999743e-01 4.705199999999999660e-02
5.710690000000000488e-01 4.818100000000000160e-02
5.578619999999999690e-01 4.951799999999999952e-02
5.466360000000000108e-01 5.064599999999999658e-02
5.333020000000000538e-01 5.195500000000000118e-02
5.193489999999999496e-01 5.326399999999999885e-02
5.086730000000000418e-01 5.420500000000000318e-02
4.947630000000000083e-01 5.533099999999999824e-02
4.813160000000000216e-01 5.628600000000000270e-02
4.702009999999999801e-01 5.696099999999999774e-02
4.567519999999999913e-01 5.761299999999999755e-02
4.457220000000000071e-01 5.799900000000000194e-02
4.323159999999999781e-01 5.826900000000000135e-02
4.186920000000000086e-01 5.834299999999999903e-02
4.080619999999999803e-01 5.827999999999999847e-02
3.945810000000000151e-01 5.807500000000000162e-02
3.840459999999999985e-01 5.783499999999999752e-02
3.707289999999999752e-01 5.745499999999999913e-02
3.576920000000000099e-01 5.702600000000000030e-02
3.471910000000000274e-01 5.665699999999999903e-02
3.343470000000000053e-01 5.619999999999999996e-02
3.215120000000000200e-01 5.575299999999999701e-02
3.114029999999999854e-01 5.540199999999999986e-02
2.988179999999999725e-01 5.495099999999999985e-02
2.889129999999999754e-01 5.457200000000000245e-02
2.766089999999999938e-01 5.406099999999999794e-02
2.644980000000000109e-01 5.350099999999999995e-02
2.549379999999999979e-01 5.301100000000000256e-02
2.431419999999999970e-01 5.233899999999999664e-02
2.315859999999999863e-01 5.160399999999999709e-02
2.223100000000000076e-01 5.095399999999999929e-02
2.112219999999999931e-01 5.010599999999999776e-02
2.022440000000000071e-01 4.936200000000000310e-02
1.915530000000000010e-01 4.841700000000000170e-02
1.808299999999999907e-01 4.740699999999999775e-02
1.726300000000000057e-01 4.659699999999999953e-02
1.623370000000000091e-01 4.553100000000000203e-02
1.544959999999999944e-01 4.468199999999999950e-02
1.446570000000000078e-01 4.356899999999999662e-02
1.353449999999999931e-01 4.246599999999999681e-02
1.278330000000000022e-01 4.153899999999999954e-02
1.190179999999999988e-01 4.040599999999999747e-02
1.102280000000000065e-01 3.922500000000000292e-02
1.036090000000000066e-01 3.829899999999999971e-02
9.534399999999999820e-02 3.709500000000000297e-02
8.915399999999999714e-02 3.615600000000000064e-02
8.143499999999999350e-02 3.493199999999999777e-02
7.423100000000000531e-02 3.373299999999999910e-02
6.853199999999999570e-02 3.273800000000000321e-02
6.189900000000000263e-02 3.152100000000000041e-02
5.666600000000000109e-02 3.050699999999999940e-02
5.061700000000000227e-02 2.926600000000000035e-02
4.475599999999999717e-02 2.797399999999999887e-02
4.041100000000000247e-02 2.694799999999999973e-02
3.516600000000000281e-02 2.560700000000000129e-02
3.032800000000000079e-02 2.424600000000000019e-02
2.669300000000000145e-02 2.311600000000000113e-02
2.247100000000000139e-02 2.165800000000000017e-02
1.935699999999999921e-02 2.044199999999999837e-02
1.576100000000000070e-02 1.884800000000000017e-02
1.257899999999999990e-02 1.718899999999999942e-02
1.022099999999999918e-02 1.575500000000000164e-02
7.697999999999999982e-03 1.393499999999999947e-02
5.866999999999999819e-03 1.235299999999999940e-02
4.000000000000000083e-03 1.037000000000000074e-02
2.413999999999999913e-03 8.196000000000000160e-03
1.495000000000000018e-03 6.538000000000000408e-03
6.030000000000000204e-04 4.274000000000000021e-03
1.279999999999999942e-04 2.077999999999999986e-03
-0.000000000000000000e+00 2.809999999999999998e-04
1.289999999999999914e-04 -1.492000000000000054e-03
6.040000000000000447e-04 -3.599000000000000202e-03
1.495000000000000018e-03 -5.699000000000000073e-03
2.410999999999999949e-03 -7.191000000000000343e-03
3.989000000000000358e-03 -9.084000000000000061e-03
5.845000000000000369e-03 -1.074100000000000055e-02
7.662000000000000408e-03 -1.201100000000000084e-02
1.016700000000000069e-02 -1.340900000000000078e-02
1.250700000000000076e-02 -1.445500000000000083e-02
1.566400000000000084e-02 -1.559699999999999975e-02
1.923199999999999910e-02 -1.661699999999999983e-02
2.232500000000000109e-02 -1.734000000000000125e-02
2.652099999999999944e-02 -1.813599999999999934e-02
3.110900000000000123e-02 -1.883599999999999858e-02
3.495299999999999796e-02 -1.931599999999999984e-02
4.018000000000000044e-02 -1.986200000000000118e-02
4.451299999999999701e-02 -2.024099999999999858e-02
5.036299999999999805e-02 -2.068100000000000147e-02
5.640400000000000275e-02 -2.107200000000000045e-02
6.163099999999999828e-02 -2.138100000000000070e-02
6.826100000000000223e-02 -2.174500000000000044e-02
7.541399999999999493e-02 -2.212899999999999937e-02
8.115899999999999503e-02 -2.243699999999999861e-02
8.887799999999999867e-02 -2.286900000000000044e-02
9.506799999999999973e-02 -2.323499999999999871e-02
1.033319999999999933e-01 -2.376400000000000040e-02
1.116309999999999941e-01 -2.434700000000000059e-02
1.187420000000000003e-01 -2.489500000000000046e-02
1.275580000000000047e-01 -2.564100000000000060e-02
1.350699999999999956e-01 -2.633699999999999930e-02
1.443820000000000103e-01 -2.727699999999999916e-02
1.542209999999999970e-01 -2.836299999999999932e-02
1.620610000000000106e-01 -2.928899999999999906e-02
1.723530000000000062e-01 -3.057100000000000095e-02
1.826180000000000025e-01 -3.189199999999999674e-02
1.912739999999999996e-01 -3.300199999999999662e-02
2.019630000000000036e-01 -3.430300000000000016e-02
2.109389999999999876e-01 -3.526699999999999974e-02
2.221200000000000119e-01 -3.620199999999999807e-02
2.335710000000000008e-01 -3.683299999999999769e-02
2.428530000000000133e-01 -3.710800000000000209e-02
2.546470000000000122e-01 -3.716699999999999865e-02
2.642039999999999944e-01 -3.699399999999999911e-02
2.763120000000000021e-01 -3.652099999999999791e-02
2.886139999999999817e-01 -3.579399999999999943e-02
2.985169999999999768e-01 -3.507099999999999801e-02
3.111010000000000164e-01 -3.403300000000000075e-02
3.237180000000000057e-01 -3.294199999999999906e-02
3.340420000000000056e-01 -3.207200000000000328e-02
3.468829999999999969e-01 -3.108899999999999858e-02
3.573810000000000042e-01 -3.038300000000000028e-02
3.704120000000000190e-01 -2.965200000000000127e-02
3.837189999999999768e-01 -2.909399999999999833e-02
3.942410000000000081e-01 -2.880500000000000074e-02
4.077020000000000088e-01 -2.865699999999999845e-02
4.209959999999999813e-01 -2.878000000000000003e-02
4.318980000000000041e-01 -2.910400000000000140e-02
4.452599999999999891e-01 -2.979700000000000057e-02
4.562470000000000137e-01 -3.062300000000000091e-02
4.696339999999999959e-01 -3.187399999999999956e-02
4.834019999999999984e-01 -3.336100000000000176e-02
4.940599999999999992e-01 -3.458599999999999869e-02
5.078799999999999981e-01 -3.619700000000000001e-02
5.212059999999999471e-01 -3.768599999999999728e-02
5.323320000000000274e-01 -3.882399999999999740e-02
5.455640000000000489e-01 -3.996899999999999759e-02
5.567020000000000302e-01 -4.070499999999999813e-02
5.698039999999999772e-01 -4.125100000000000294e-02
5.834570000000000034e-01 -4.148000000000000298e-02
5.938750000000000417e-01 -4.144300000000000067e-02
6.074509999999999632e-01 -4.115499999999999714e-02
6.203840000000000465e-01 -4.065499999999999670e-02
6.311890000000000001e-01 -4.009599999999999970e-02
6.441249999999999476e-01 -3.928000000000000241e-02
6.569869999999999877e-01 -3.834200000000000108e-02
6.677840000000000442e-01 -3.747799999999999743e-02
6.799929999999999586e-01 -3.642800000000000205e-02
6.906390000000000029e-01 -3.542000000000000010e-02
7.025780000000000358e-01 -3.415399999999999686e-02
7.154690000000000216e-01 -3.259000000000000091e-02
7.268700000000000161e-01 -3.101100000000000037e-02
7.373060000000000169e-01 -2.939599999999999852e-02
7.483880000000000532e-01 -2.749599999999999961e-02
7.585819999999999785e-01 -2.557999999999999857e-02
7.693280000000000118e-01 -2.338900000000000007e-02
7.814780000000000060e-01 -2.070999999999999924e-02
7.918669999999999876e-01 -1.825999999999999845e-02
8.014010000000000300e-01 -1.592400000000000065e-02
8.114160000000000261e-01 -1.345299999999999968e-02
8.206050000000000288e-01 -1.122899999999999940e-02
8.302289999999999948e-01 -8.989999999999999727e-03
8.390440000000000120e-01 -7.053000000000000241e-03
8.482610000000000428e-01 -5.164000000000000187e-03
8.585679999999999978e-01 -3.240999999999999957e-03
8.673469999999999791e-01 -1.770000000000000089e-03
8.752459999999999685e-01 -5.850000000000000165e-04
8.835800000000000320e-01 5.209999999999999788e-04
8.910219999999999807e-01 1.379000000000000017e-03
8.988960000000000283e-01 2.154000000000000099e-03
9.072750000000000536e-01 2.809999999999999998e-03
9.148220000000000240e-01 3.258000000000000045e-03
9.210409999999999986e-01 3.534999999999999948e-03
9.280709999999999793e-01 3.746999999999999897e-03
9.337910000000000377e-01 3.840000000000000097e-03
9.405120000000000147e-01 3.859000000000000017e-03
9.466250000000000497e-01 3.789999999999999966e-03
9.517160000000000064e-01 3.670000000000000085e-03
9.571450000000000236e-01 3.478000000000000189e-03
9.627130000000000409e-01 3.213000000000000144e-03
9.674779999999999491e-01 2.929999999999999879e-03
9.714669999999999694e-01 2.654999999999999808e-03
9.756439999999999557e-01 2.328000000000000208e-03
9.798200000000000243e-01 1.965000000000000167e-03
9.833790000000000031e-01 1.624000000000000010e-03
9.867489999999999872e-01 1.278000000000000056e-03
9.896770000000000289e-01 9.569999999999999514e-04
9.922130000000000116e-01 6.660000000000000338e-04
9.948939999999999451e-01 3.429999999999999889e-04
9.968939999999999468e-01 9.200000000000000007e-05
9.985889999999999489e-01 -1.269999999999999970e-04
1.000000000000000000e+00 -3.139999999999999888e-04
1.000000000000000000e+00 1.000000000000000048e-04
