1.000000000000000000e+00 -4.000000000000000327e-05
1.000000000000000000e+00 1.269999999999999970e-04
9.986150000000000304e-01 3.460000000000000076e-04
9.969519999999999493e-01 6.199999999999999999e-04
9.946540000000000381e-01 1.015000000000000060e-03
9.923549999999999871e-01 1.425999999999999967e-03
9.898639999999999661e-01 1.887000000000000005e-03
9.869879999999999765e-01 2.435000000000000098e-03
9.836770000000000236e-01 3.085000000000000069e-03
9.801809999999999690e-01 3.788999999999999833e-03
9.760760000000000547e-01 4.629999999999999567e-03
9.719710000000000294e-01 5.484000000000000159e-03
9.671419999999999462e-01 6.498999999999999569e-03
9.623819999999999597e-01 7.505999999999999651e-03
9.578870000000000440e-01 8.458000000000000240e-03
9.522699999999999498e-01 9.648000000000000326e-03
9.464190000000000103e-01 1.088300000000000031e-02
9.399690000000000545e-01 1.223499999999999935e-02
9.348929999999999740e-01 1.328999999999999973e-02
9.278170000000000028e-01 1.474299999999999916e-02
9.210129999999999706e-01 1.611999999999999891e-02
9.146349999999999758e-01 1.738999999999999921e-02
9.073329999999999451e-01 1.881499999999999839e-02
8.987960000000000393e-01 2.045900000000000149e-02
8.909920000000000062e-01 2.194400000000000170e-02
8.835450000000000248e-01 2.333100000000000104e-02
8.752760000000000540e-01 2.483300000000000091e-02
8.673659999999999703e-01 2.623199999999999837e-02
8.586460000000000203e-01 2.773000000000000118e-02
8.483349999999999502e-01 2.944599999999999995e-02
8.391659999999999675e-01 3.092200000000000157e-02
8.303239999999999510e-01 3.230500000000000038e-02
8.207370000000000498e-01 3.376599999999999741e-02
8.115090000000000359e-01 3.514099999999999863e-02
8.015200000000000102e-01 3.660700000000000065e-02
7.899629999999999708e-01 3.829699999999999771e-02
7.793280000000000207e-01 3.986900000000000166e-02
7.696020000000000083e-01 4.132500000000000062e-02
7.585960000000000480e-01 4.298400000000000137e-02
7.485779999999999657e-01 4.449499999999999983e-02
7.372220000000000439e-01 4.619399999999999895e-02
7.269440000000000346e-01 4.769999999999999934e-02
7.147639999999999549e-01 4.941999999999999865e-02
7.024939999999999518e-01 5.105099999999999916e-02
6.920490000000000252e-01 5.232900000000000051e-02
6.797309999999999741e-01 5.367000000000000243e-02
6.691099999999999826e-01 5.465199999999999919e-02
6.565250000000000252e-01 5.557800000000000240e-02
6.431099999999999595e-01 5.629599999999999882e-02
6.329329999999999679e-01 5.667799999999999921e-02
6.193670000000000009e-01 5.699599999999999805e-02
6.065199999999999481e-01 5.712899999999999923e-02
5.953340000000000298e-01 5.713300000000000323e-02
5.822899999999999743e-01 5.703899999999999942e-02
5.710690000000000488e-01 5.689600000000000213e-02
5.578619999999999690e-01 5.668499999999999928e-02
5.466360000000000108e-01 5.649200000000000055e-02
5.333020000000000538e-01 5.624300000000000133e-02
5.193489999999999496e-01 5.593999999999999667e-02
5.086730000000000418e-01 5.566299999999999720e-02
4.947630000000000083e-01 5.522400000000000225e-02
4.813160000000000216e-01 5.469600000000000156e-02
4.702009999999999801e-01 5.416900000000000187e-02
4.567519999999999913e-01 5.340000000000000302e-02
4.457220000000000071e-01 5.265199999999999741e-02
4.323159999999999781e-01 5.158599999999999991e-02
4.186920000000000086e-01 5.036299999999999805e-02
4.080619999999999803e-01 4.934100000000000291e-02
3.945810000000000151e-01 4.799599999999999700e-02
3.840459999999999985e-01 4.693499999999999756e-02
3.707289999999999752e-01 4.561400000000000177e-02
3.576920000000000099e-01 4.438199999999999784e-02
3.471910000000000274e-01 4.345999999999999863e-02
3.343470000000000053e-01 4.244699999999999862e-02
3.215120000000000200e-01 4.158900000000000097e-02
3.114029999999999854e-01 4.101199999999999984e-02
2.988179999999999725e-01 4.039500000000000035e-02
2.889129999999999754e-01 3.996899999999999759e-02
2.766089999999999938e-01 3.949199999999999933e-02
2.644980000000000109e-01 3.905299999999999744e-02
2.549379999999999979e-01 3.871100000000000235e-02
2.431419999999999970e-01 3.827799999999999953e-02
2.315859999999999863e-01 3.782599999999999851e-02
2.223100000000000076e-01 3.743099999999999900e-02
2.112219999999999931e-01 3.691300000000000137e-02
2.022440000000000071e-01 3.645199999999999829e-02
1.915530000000000010e-01 3.585599999999999898e-02
1.808299999999999907e-01 3.521300000000000124e-02
1.726300000000000057e-01 3.469300000000000161e-02
1.623370000000000091e-01 3.400299999999999850e-02
1.544959999999999944e-01 3.344899999999999957e-02
1.446570000000000078e-01 3.271700000000000302e-02
1.353449999999999931e-01 3.198299999999999754e-02
1.278330000000000022e-01 3.135899999999999799e-02
1.190179999999999988e-01 3.058699999999999961e-02
1.102280000000000065e-01 2.976699999999999832e-02
1.036090000000000066e-01 2.911299999999999999e-02
9.534399999999999820e-02 2.824700000000000127e-02
8.915399999999999714e-02 2.755700000000000163e-02
8.143499999999999350e-02 2.664100000000000149e-02
7.423100000000000531e-02 2.572400000000000034e-02
6.853199999999999570e-02 2.494800000000000142e-02
6.189900000000000263e-02 2.398199999999999985e-02
5.666600000000000109e-02 2.316400000000000056e-02
5.061700000000000227e-02 2.215100000000000055e-02
4.475599999999999717e-02 2.108200000000000005e-02
4.041100000000000247e-02 2.022900000000000045e-02
3.516600000000000281e-02 1.910999999999999852e-02
3.032800000000000079e-02 1.797599999999999892e-02
2.669300000000000145e-02 1.703800000000000106e-02
2.247100000000000139e-02 1.583999999999999991e-02
1.935699999999999921e-02 1.485299999999999988e-02
1.576100000000000070e-02 1.358000000000000006e-02
1.257899999999999990e-02 1.228199999999999951e-02
1.022099999999999918e-02 1.118099999999999997e-02
7.697999999999999982e-03 9.809000000000000011e-03
5.866999999999999819e-03 8.639000000000000845e-03
4.000000000000000083e-03 7.193999999999999874e-03
2.413999999999999913e-03 5.628000000000000190e-03
1.495000000000000018e-03 4.439000000000000237e-03
6.030000000000000204e-04 2.811999999999999830e-03
1.279999999999999942e-04 1.214999999999999934e-03
-0.000000000000000000e+00 -1.179999999999999951e-04
1.289999999999999914e-04 -1.467999999999999904e-03
6.040000000000000447e-04 -3.135000000000000200e-03
1.495000000000000018e-03 -4.892999999999999780e-03
2.410999999999999949e-03 -6.217999999999999569e-03
3.989000000000000358e-03 -8.023000000000000617e-03
5.845000000000000369e-03 -9.750999999999999251e-03
7.662000000000000408e-03 -1.120200000000000015e-02
1.016700000000000069e-02 -1.296399999999999983e-02
1.250700000000000076e-02 -1.443200000000000038e-02
1.566400000000000084e-02 -1.622699999999999837e-02
1.923199999999999910e-02 -1.806200000000000166e-02
2.232500000000000109e-02 -1.953099999999999975e-02
2.652099999999999944e-02 -2.137599999999999917e-02
3.110900000000000123e-02 -2.324599999999999930e-02
3.495299999999999796e-02 -2.471100000000000033e-02
4.018000000000000044e-02 -2.658599999999999852e-02
4.451299999999999701e-02 -2.804900000000000101e-02
5.036299999999999805e-02 -2.991800000000000015e-02
5.640400000000000275e-02 -3.173000000000000126e-02
6.163099999999999828e-02 -3.321999999999999953e-02
6.826100000000000223e-02 -3.501100000000000045e-02
7.541399999999999493e-02 -3.683700000000000169e-02
8.115899999999999503e-02 -3.822899999999999909e-02
8.887799999999999867e-02 -4.000800000000000189e-02
9.506799999999999973e-02 -4.135899999999999993e-02
1.033319999999999933e-01 -4.307099999999999818e-02
1.116309999999999941e-01 -4.468300000000000050e-02
1.187420000000000003e-01 -4.598399999999999710e-02
1.275580000000000047e-01 -4.749099999999999849e-02
1.350699999999999956e-01 -4.868499999999999911e-02
1.443820000000000103e-01 -5.004700000000000121e-02
1.542209999999999970e-01 -5.133999999999999675e-02
1.620610000000000106e-01 -5.226000000000000090e-02
1.723530000000000062e-01 -5.331000000000000322e-02
1.826180000000000025e-01 -5.416800000000000087e-02
1.912739999999999996e-01 -5.473700000000000093e-02
2.019630000000000036e-01 -5.523299999999999738e-02
2.109389999999999876e-01 -5.546700000000000241e-02
2.221200000000000119e-01 -5.552399999999999697e-02
2.335710000000000008e-01 -5.532200000000000312e-02
2.428530000000000133e-01 -5.497300000000000103e-02
2.546470000000000122e-01 -5.431099999999999817e-02
2.642039999999999944e-01 -5.361199999999999993e-02
2.763120000000000021e-01 -5.254899999999999849e-02
2.886139999999999817e-01 -5.130799999999999944e-02
2.985169999999999768e-01 -5.023199999999999887e-02
3.111010000000000164e-01 -4.881599999999999828e-02
3.237180000000000057e-01 -4.741599999999999981e-02
3.340420000000000056e-01 -4.633700000000000319e-02
3.468829999999999969e-01 -4.512900000000000245e-02
3.573810000000000042e-01 -4.424000000000000155e-02
3.704120000000000190e-01 -4.323799999999999866e-02
3.837189999999999768e-01 -4.230600000000000332e-02
3.942410000000000081e-01 -4.161399999999999821e-02
4.077020000000000088e-01 -4.076799999999999868e-02
4.209959999999999813e-01 -3.994600000000000234e-02
4.318980000000000041e-01 -3.926799999999999735e-02
4.452599999999999891e-01 -3.840600000000000264e-02
4.562470000000000137e-01 -3.766599999999999809e-02
4.696339999999999959e-01 -3.672700000000000270e-02
4.834019999999999984e-01 -3.574200000000000293e-02
4.940599999999999992e-01 -3.497399999999999815e-02
5.078799999999999981e-01 -3.399100000000000038e-02
5.212059999999999471e-01 -3.306699999999999917e-02
5.323320000000000274e-01 -3.233300000000000063e-02
5.455640000000000489e-01 -3.151000000000000328e-02
5.567020000000000302e-01 -3.087499999999999967e-02
5.698039999999999772e-01 -3.019700000000000162e-02
5.834570000000000034e-01 -2.956999999999999906e-02
5.938750000000000417e-01 -2.913699999999999971e-02
6.074509999999999632e-01 -2.862900000000000167e-02
6.203840000000000465e-01 -2.819299999999999931e-02
6.311890000000000001e-01 -2.785899999999999835e-02
6.441249999999999476e-01 -2.748899999999999955e-02
6.569869999999999877e-01 -2.714599999999999999e-02
6.677840000000000442e-01 -2.687200000000000005e-02
6.799929999999999586e-01 -2.656700000000000034e-02
6.906390000000000029e-01 -2.627699999999999828e-02
7.025780000000000358e-01 -2.589500000000000135e-02
7.154690000000000216e-01 -2.537999999999999978e-02
7.268700000000000161e-01 -2.480999999999999872e-02
7.373060000000000169e-01 -2.418100000000000110e-02
7.483880000000000532e-01 -2.339000000000000107e-02
7.585819999999999785e-01 -2.254799999999999860e-02
7.693280000000000118e-01 -2.153800000000000159e-02
7.814780000000000060e-01 -2.024600000000000011e-02
7.918669999999999876e-01 -1.901800000000000018e-02
8.014010000000000300e-01 -1.779999999999999985e-02
8.114160000000000261e-01 -1.644100000000000075e-02
8.206050000000000288e-01 -1.513800000000000041e-02
8.302289999999999948e-01 -1.373199999999999942e-02
8.390440000000000120e-01 -1.242399999999999928e-02
8.482610000000000428e-01 -1.104899999999999979e-02
8.585679999999999978e-01 -9.520999999999999949e-03
8.673469999999999791e-01 -8.241999999999999327e-03
8.752459999999999685e-01 -7.119999999999999593e-03
8.835800000000000320e-01 -5.975000000000000276e-03
8.910219999999999807e-01 -4.995999999999999573e-03
8.988960000000000283e-01 -4.015000000000000339e-03
9.072750000000000536e-01 -3.059999999999999786e-03
9.148220000000000240e-01 -2.281000000000000041e-03
9.210409999999999986e-01 -1.691999999999999928e-03
9.280709999999999793e-01 -1.090000000000000040e-03
9.337910000000000377e-01 -6.549999999999999833e-04
9.405120000000000147e-01 -2.110000000000000059e-04
9.466250000000000497e-01 1.240000000000000054e-04
9.517160000000000064e-01 3.499999999999999964e-04
9.571450000000000236e-01 5.339999999999999695e-04
9.627130000000000409e-01 6.610000000000000207e-04
9.674779999999999491e-01 7.159999999999999481e-04
9.714669999999999694e-01 7.249999999999999500e-04
9.756439999999999557e-01 6.970000000000000284e-04
9.798200000000000243e-01 6.310000000000000504e-04
9.833790000000000031e-01 5.450000000000000200e-04
9.867489999999999872e-01 4.400000000000000157e-04
9.896770000000000289e-01 3.280000000000000038e-04
9.922130000000000116e-01 2.169999999999999891e-04
9.948939999999999451e-01 8.500000000000000611e-05
9.968939999999999468e-01 -2.300000000000000002e-05
9.985889999999999489e-01 -1.210000000000000002e-04
1.000000000000000000e+00 -2.059999999999999928e-04
1.000000000000000000e+00 -4.000000000000000327e-05
