1.000000000000000000e+00 8.200000000000000095e-05
1.000000000000000000e+00 4.150000000000000043e-04
9.986150000000000304e-01 8.180000000000000422e-04
9.969519999999999493e-01 1.297999999999999892e-03
9.946540000000000381e-01 1.951000000000000043e-03
9.923549999999999871e-01 2.595999999999999783e-03
9.898639999999999661e-01 3.285000000000000159e-03
9.869879999999999765e-01 4.069999999999999833e-03
9.836770000000000236e-01 4.958999999999999866e-03
9.801809999999999690e-01 5.884000000000000341e-03
9.760760000000000547e-01 6.950999999999999714e-03
9.719710000000000294e-01 7.997000000000000636e-03
9.671419999999999462e-01 9.204000000000000375e-03
9.623819999999999597e-01 1.036800000000000048e-02
9.578870000000000440e-01 1.144399999999999931e-02
9.522699999999999498e-01 1.275800000000000024e-02
9.464190000000000103e-01 1.409000000000000009e-02
9.399690000000000545e-01 1.551600000000000028e-02
9.348929999999999740e-01 1.660599999999999923e-02
9.278170000000000028e-01 1.807800000000000032e-02
9.210129999999999706e-01 1.943999999999999895e-02
9.146349999999999758e-01 2.066799999999999887e-02
9.073329999999999451e-01 2.201300000000000132e-02
8.987960000000000393e-01 2.351599999999999871e-02
8.909920000000000062e-01 2.482900000000000038e-02
8.835450000000000248e-01 2.601200000000000040e-02
8.752760000000000540e-01 2.724299999999999986e-02
8.673659999999999703e-01 2.833700000000000108e-02
8.586460000000000203e-01 2.944700000000000095e-02
8.483349999999999502e-01 3.062799999999999898e-02
8.391659999999999675e-01 3.155999999999999778e-02
8.303239999999999510e-01 3.235600000000000281e-02
8.207370000000000498e-01 3.311299999999999660e-02
8.115090000000000359e-01 3.374499999999999722e-02
8.015200000000000102e-01 3.434199999999999753e-02
7.899629999999999708e-01 3.495700000000000196e-02
7.793280000000000207e-01 3.549399999999999777e-02
7.696020000000000083e-01 3.597600000000000103e-02
7.585960000000000480e-01 3.651399999999999785e-02
7.485779999999999657e-01 3.699899999999999717e-02
7.372220000000000439e-01 3.754799999999999804e-02
7.269440000000000346e-01 3.804799999999999849e-02
7.147639999999999549e-01 3.864900000000000280e-02
7.024939999999999518e-01 3.927100000000000035e-02
6.920490000000000252e-01 3.981900000000000023e-02
6.797309999999999741e-01 4.049099999999999921e-02
6.691099999999999826e-01 4.109700000000000158e-02
6.565250000000000252e-01 4.184899999999999731e-02
6.431099999999999595e-01 4.269300000000000178e-02
6.329329999999999679e-01 4.336399999999999977e-02
6.193670000000000009e-01 4.429600000000000204e-02
6.065199999999999481e-01 4.522199999999999831e-02
5.953340000000000298e-01 4.605999999999999678e-02
5.822899999999999743e-01 4.707399999999999779e-02
5.710690000000000488e-01 4.797699999999999881e-02
5.578619999999999690e-01 4.907799999999999663e-02
5.466360000000000108e-01 5.004499999999999921e-02
5.333020000000000538e-01 5.121599999999999764e-02
5.193489999999999496e-01 5.244499999999999856e-02
5.086730000000000418e-01 5.336899999999999977e-02
4.947630000000000083e-01 5.453299999999999814e-02
4.813160000000000216e-01 5.559100000000000152e-02
4.702009999999999801e-01 5.639899999999999775e-02
4.567519999999999913e-01 5.727499999999999952e-02
4.457220000000000071e-01 5.789699999999999708e-02
4.323159999999999781e-01 5.851399999999999657e-02
4.186920000000000086e-01 5.898400000000000171e-02
4.080619999999999803e-01 5.923799999999999899e-02
3.945810000000000151e-01 5.941699999999999759e-02
3.840459999999999985e-01 5.944300000000000278e-02
3.707289999999999752e-01 5.933000000000000079e-02
3.576920000000000099e-01 5.905799999999999939e-02
3.471910000000000274e-01 5.871900000000000036e-02
3.343470000000000053e-01 5.815499999999999836e-02
3.215120000000000200e-01 5.742499999999999688e-02
3.114029999999999854e-01 5.674799999999999983e-02
2.988179999999999725e-01 5.580000000000000238e-02
2.889129999999999754e-01 5.499099999999999822e-02
2.766089999999999938e-01 5.392999999999999877e-02
2.644980000000000109e-01 5.284599999999999714e-02
2.549379999999999979e-01 5.197399999999999937e-02
2.431419999999999970e-01 5.089099999999999874e-02
2.315859999999999863e-01 4.983400000000000329e-02
2.223100000000000076e-01 4.899400000000000283e-02
2.112219999999999931e-01 4.800600000000000006e-02
2.022440000000000071e-01 4.722099999999999909e-02
1.915530000000000010e-01 4.630000000000000088e-02
1.808299999999999907e-01 4.538199999999999873e-02
1.726300000000000057e-01 4.467700000000000143e-02
1.623370000000000091e-01 4.377700000000000341e-02
1.544959999999999944e-01 4.307400000000000118e-02
1.446570000000000078e-01 4.216099999999999709e-02
1.353449999999999931e-01 4.126099999999999907e-02
1.278330000000000022e-01 4.050200000000000328e-02
1.190179999999999988e-01 3.957200000000000301e-02
1.102280000000000065e-01 3.859400000000000330e-02
1.036090000000000066e-01 3.782300000000000245e-02
9.534399999999999820e-02 3.681100000000000344e-02
8.915399999999999714e-02 3.601399999999999740e-02
8.143499999999999350e-02 3.496599999999999708e-02
7.423100000000000531e-02 3.392799999999999983e-02
6.853199999999999570e-02 3.305799999999999711e-02
6.189900000000000263e-02 3.198299999999999754e-02
5.666600000000000109e-02 3.107800000000000146e-02
5.061700000000000227e-02 2.995899999999999952e-02
4.475599999999999717e-02 2.877800000000000150e-02
4.041100000000000247e-02 2.783000000000000057e-02
3.516600000000000281e-02 2.657500000000000140e-02
3.032800000000000079e-02 2.528299999999999992e-02
2.669300000000000145e-02 2.419599999999999876e-02
2.247100000000000139e-02 2.277500000000000011e-02
1.935699999999999921e-02 2.157399999999999943e-02
1.576100000000000070e-02 1.997900000000000023e-02
1.257899999999999990e-02 1.829700000000000076e-02
1.022099999999999918e-02 1.682600000000000068e-02
7.697999999999999982e-03 1.493799999999999989e-02
5.866999999999999819e-03 1.328200000000000040e-02
4.000000000000000083e-03 1.119000000000000029e-02
2.413999999999999913e-03 8.878000000000000475e-03
1.495000000000000018e-03 7.102999999999999939e-03
6.030000000000000204e-04 4.669000000000000407e-03
1.279999999999999942e-04 2.298999999999999828e-03
-0.000000000000000000e+00 3.530000000000000152e-04
1.289999999999999914e-04 -1.567999999999999949e-03
6.040000000000000447e-04 -3.853000000000000088e-03
1.495000000000000018e-03 -6.130000000000000032e-03
2.410999999999999949e-03 -7.746000000000000281e-03
3.989000000000000358e-03 -9.790999999999999356e-03
5.845000000000000369e-03 -1.157500000000000022e-02
7.662000000000000408e-03 -1.293700000000000058e-02
1.016700000000000069e-02 -1.442900000000000085e-02
1.250700000000000076e-02 -1.553900000000000073e-02
1.566400000000000084e-02 -1.674399999999999847e-02
1.923199999999999910e-02 -1.781299999999999897e-02
2.232500000000000109e-02 -1.856500000000000164e-02
2.652099999999999944e-02 -1.939000000000000098e-02
3.110900000000000123e-02 -2.011200000000000140e-02
3.495299999999999796e-02 -2.060599999999999932e-02
4.018000000000000044e-02 -2.117199999999999985e-02
4.451299999999999701e-02 -2.156699999999999937e-02
5.036299999999999805e-02 -2.203600000000000003e-02
5.640400000000000275e-02 -2.246499999999999886e-02
6.163099999999999828e-02 -2.281599999999999948e-02
6.826100000000000223e-02 -2.324700000000000030e-02
7.541399999999999493e-02 -2.372099999999999903e-02
8.115899999999999503e-02 -2.411699999999999955e-02
8.887799999999999867e-02 -2.468800000000000161e-02
9.506799999999999973e-02 -2.518300000000000052e-02
1.033319999999999933e-01 -2.591200000000000100e-02
1.116309999999999941e-01 -2.672599999999999976e-02
1.187420000000000003e-01 -2.749599999999999961e-02
1.275580000000000047e-01 -2.854599999999999846e-02
1.350699999999999956e-01 -2.952700000000000116e-02
1.443820000000000103e-01 -3.085099999999999995e-02
1.542209999999999970e-01 -3.237299999999999900e-02
1.620610000000000106e-01 -3.366600000000000148e-02
1.723530000000000062e-01 -3.544499999999999734e-02
1.826180000000000025e-01 -3.726399999999999851e-02
1.912739999999999996e-01 -3.878199999999999703e-02
2.019630000000000036e-01 -4.054300000000000265e-02
2.109389999999999876e-01 -4.182899999999999813e-02
2.221200000000000119e-01 -4.304999999999999799e-02
2.335710000000000008e-01 -4.383700000000000097e-02
2.428530000000000133e-01 -4.414599999999999774e-02
2.546470000000000122e-01 -4.414499999999999674e-02
2.642039999999999944e-01 -4.385499999999999815e-02
2.763120000000000021e-01 -4.317499999999999810e-02
2.886139999999999817e-01 -4.220999999999999752e-02
2.985169999999999768e-01 -4.130799999999999750e-02
3.111010000000000164e-01 -4.010999999999999982e-02
3.237180000000000057e-01 -3.899199999999999888e-02
3.340420000000000056e-01 -3.824400000000000022e-02
3.468829999999999969e-01 -3.762100000000000166e-02
3.573810000000000042e-01 -3.734400000000000219e-02
3.704120000000000190e-01 -3.725200000000000039e-02
3.837189999999999768e-01 -3.739200000000000162e-02
3.942410000000000081e-01 -3.763799999999999785e-02
4.077020000000000088e-01 -3.808299999999999880e-02
4.209959999999999813e-01 -3.861799999999999955e-02
4.318980000000000041e-01 -3.909300000000000275e-02
4.452599999999999891e-01 -3.967699999999999699e-02
4.562470000000000137e-01 -4.013499999999999707e-02
4.696339999999999959e-01 -4.064299999999999857e-02
4.834019999999999984e-01 -4.110199999999999965e-02
4.940599999999999992e-01 -4.139999999999999930e-02
5.078799999999999981e-01 -4.170700000000000102e-02
5.212059999999999471e-01 -4.190200000000000174e-02
5.323320000000000274e-01 -4.198400000000000049e-02
5.455640000000000489e-01 -4.197000000000000036e-02
5.567020000000000302e-01 -4.186000000000000137e-02
5.698039999999999772e-01 -4.160300000000000109e-02
5.834570000000000034e-01 -4.120399999999999757e-02
5.938750000000000417e-01 -4.081400000000000305e-02
6.074509999999999632e-01 -4.020599999999999868e-02
6.203840000000000465e-01 -3.953000000000000264e-02
6.311890000000000001e-01 -3.889999999999999708e-02
6.441249999999999476e-01 -3.807399999999999674e-02
6.569869999999999877e-01 -3.718699999999999783e-02
6.677840000000000442e-01 -3.639499999999999680e-02
6.799929999999999586e-01 -3.544599999999999834e-02
6.906390000000000029e-01 -3.453799999999999926e-02
7.025780000000000358e-01 -3.339299999999999907e-02
7.154690000000000216e-01 -3.196399999999999936e-02
7.268700000000000161e-01 -3.050500000000000086e-02
7.373060000000000169e-01 -2.899600000000000094e-02
7.483880000000000532e-01 -2.720099999999999948e-02
7.585819999999999785e-01 -2.537400000000000072e-02
7.693280000000000118e-01 -2.326699999999999949e-02
7.814780000000000060e-01 -2.066799999999999887e-02
7.918669999999999876e-01 -1.827099999999999905e-02
8.014010000000000300e-01 -1.597200000000000009e-02
8.114160000000000261e-01 -1.352700000000000083e-02
8.206050000000000288e-01 -1.131599999999999967e-02
8.302289999999999948e-01 -9.079999999999999530e-03
8.390440000000000120e-01 -7.138000000000000247e-03
8.482610000000000428e-01 -5.237000000000000335e-03
8.585679999999999978e-01 -3.291999999999999788e-03
8.673469999999999791e-01 -1.799000000000000035e-03
8.752459999999999685e-01 -5.900000000000000296e-04
8.835800000000000320e-01 5.429999999999999714e-04
8.910219999999999807e-01 1.425999999999999967e-03
8.988960000000000283e-01 2.226000000000000114e-03
9.072750000000000536e-01 2.909000000000000127e-03
9.148220000000000240e-01 3.380000000000000192e-03
9.210409999999999986e-01 3.674000000000000182e-03
9.280709999999999793e-01 3.902999999999999785e-03
9.337910000000000377e-01 4.007000000000000145e-03
9.405120000000000147e-01 4.035000000000000392e-03
9.466250000000000497e-01 3.970999999999999704e-03
9.517160000000000064e-01 3.853000000000000088e-03
9.571450000000000236e-01 3.658999999999999926e-03
9.627130000000000409e-01 3.389999999999999784e-03
9.674779999999999491e-01 3.099999999999999891e-03
9.714669999999999694e-01 2.818000000000000192e-03
9.756439999999999557e-01 2.481000000000000132e-03
9.798200000000000243e-01 2.105999999999999799e-03
9.833790000000000031e-01 1.755000000000000050e-03
9.867489999999999872e-01 1.397000000000000021e-03
9.896770000000000289e-01 1.064999999999999974e-03
9.922130000000000116e-01 7.630000000000000063e-04
9.948939999999999451e-01 4.290000000000000193e-04
9.968939999999999468e-01 1.689999999999999879e-04
9.985889999999999489e-01 -5.800000000000000034e-05
1.000000000000000000e+00 -2.509999999999999753e-04
1.000000000000000000e+00 8.200000000000000095e-05
