1.000000000000000000e+00 1.000000000000000048e-04
1.000000000000000000e+00 5.169999999999999899e-04
9.986150000000000304e-01 9.590000000000000000e-04
9.969519999999999493e-01 1.480999999999999895e-03
9.946540000000000381e-01 2.184000000000000177e-03
9.923549999999999871e-01 2.871999999999999987e-03
9.898639999999999661e-01 3.602000000000000167e-03
9.869879999999999765e-01 4.425000000000000114e-03
9.836770000000000236e-01 5.351999999999999987e-03
9.801809999999999690e-01 6.308000000000000239e-03
9.760760000000000547e-01 7.402999999999999858e-03
9.719710000000000294e-01 8.472000000000000364e-03
9.671419999999999462e-01 9.697000000000000758e-03
9.623819999999999597e-01 1.087499999999999925e-02
9.578870000000000440e-01 1.196000000000000014e-02
9.522699999999999498e-01 1.328200000000000040e-02
9.464190000000000103e-01 1.461999999999999932e-02
9.399690000000000545e-01 1.605099999999999930e-02
9.348929999999999740e-01 1.714600000000000152e-02
9.278170000000000028e-01 1.862400000000000166e-02
9.210129999999999706e-01 1.999400000000000135e-02
9.146349999999999758e-01 2.123200000000000087e-02
9.073329999999999451e-01 2.259200000000000097e-02
8.987960000000000393e-01 2.411800000000000055e-02
8.909920000000000062e-01 2.545700000000000046e-02
8.835450000000000248e-01 2.666999999999999926e-02
8.752760000000000540e-01 2.794100000000000056e-02
8.673659999999999703e-01 2.907799999999999968e-02
8.586460000000000203e-01 3.023999999999999952e-02
8.483349999999999502e-01 3.148800000000000210e-02
8.391659999999999675e-01 3.248399999999999899e-02
8.303239999999999510e-01 3.334000000000000158e-02
8.207370000000000498e-01 3.415599999999999886e-02
8.115090000000000359e-01 3.483599999999999891e-02
8.015200000000000102e-01 3.546599999999999753e-02
7.899629999999999708e-01 3.607799999999999896e-02
7.793280000000000207e-01 3.656399999999999928e-02
7.696020000000000083e-01 3.695299999999999974e-02
7.585960000000000480e-01 3.733800000000000313e-02
7.485779999999999657e-01 3.764599999999999891e-02
7.372220000000000439e-01 3.795899999999999969e-02
7.269440000000000346e-01 3.822099999999999803e-02
7.147639999999999549e-01 3.852699999999999875e-02
7.024939999999999518e-01 3.885600000000000165e-02
6.920490000000000252e-01 3.917500000000000149e-02
6.797309999999999741e-01 3.962600000000000150e-02
6.691099999999999826e-01 4.010199999999999876e-02
6.565250000000000252e-01 4.079200000000000187e-02
6.431099999999999595e-01 4.167200000000000071e-02
6.329329999999999679e-01 4.242699999999999944e-02
6.193670000000000009e-01 4.352899999999999825e-02
6.065199999999999481e-01 4.465500000000000025e-02
5.953340000000000298e-01 4.568200000000000038e-02
5.822899999999999743e-01 4.691599999999999937e-02
5.710690000000000488e-01 4.799300000000000094e-02
5.578619999999999690e-01 4.925899999999999723e-02
5.466360000000000108e-01 5.031999999999999668e-02
5.333020000000000538e-01 5.154500000000000054e-02
5.193489999999999496e-01 5.276900000000000340e-02
5.086730000000000418e-01 5.365500000000000130e-02
4.947630000000000083e-01 5.472899999999999987e-02
4.813160000000000216e-01 5.566299999999999720e-02
4.702009999999999801e-01 5.634800000000000225e-02
4.567519999999999913e-01 5.705400000000000055e-02
4.457220000000000071e-01 5.752499999999999974e-02
4.323159999999999781e-01 5.795100000000000251e-02
4.186920000000000086e-01 5.822999999999999704e-02
4.080619999999999803e-01 5.834700000000000303e-02
3.945810000000000151e-01 5.838200000000000334e-02
3.840459999999999985e-01 5.832600000000000284e-02
3.707289999999999752e-01 5.816199999999999842e-02
3.576920000000000099e-01 5.791000000000000314e-02
3.471910000000000274e-01 5.764899999999999886e-02
3.343470000000000053e-01 5.726699999999999846e-02
3.215120000000000200e-01 5.682399999999999951e-02
3.114029999999999854e-01 5.643200000000000299e-02
2.988179999999999725e-01 5.588499999999999718e-02
2.889129999999999754e-01 5.540599999999999692e-02
2.766089999999999938e-01 5.475100000000000106e-02
2.644980000000000109e-01 5.403700000000000170e-02
2.549379999999999979e-01 5.342299999999999827e-02
2.431419999999999970e-01 5.260399999999999798e-02
2.315859999999999863e-01 5.173400000000000221e-02
2.223100000000000076e-01 5.098699999999999760e-02
2.112219999999999931e-01 5.003699999999999815e-02
2.022440000000000071e-01 4.922399999999999692e-02
1.915530000000000010e-01 4.821099999999999691e-02
1.808299999999999907e-01 4.715099999999999847e-02
1.726300000000000057e-01 4.631300000000000000e-02
1.623370000000000091e-01 4.522500000000000131e-02
1.544959999999999944e-01 4.436699999999999672e-02
1.446570000000000078e-01 4.325199999999999878e-02
1.353449999999999931e-01 4.215700000000000003e-02
1.278330000000000022e-01 4.124200000000000088e-02
1.190179999999999988e-01 4.013100000000000001e-02
1.102280000000000065e-01 3.897699999999999776e-02
1.036090000000000066e-01 3.807699999999999974e-02
9.534399999999999820e-02 3.690800000000000330e-02
8.915399999999999714e-02 3.599900000000000322e-02
8.143499999999999350e-02 3.481700000000000073e-02
7.423100000000000531e-02 3.366000000000000242e-02
6.853199999999999570e-02 3.269999999999999990e-02
6.189900000000000263e-02 3.152599999999999847e-02
5.666600000000000109e-02 3.054799999999999877e-02
5.061700000000000227e-02 2.934900000000000009e-02
4.475599999999999717e-02 2.809700000000000045e-02
4.041100000000000247e-02 2.710200000000000109e-02
3.516600000000000281e-02 2.579700000000000049e-02
3.032800000000000079e-02 2.446800000000000017e-02
2.669300000000000145e-02 2.335999999999999882e-02
2.247100000000000139e-02 2.192399999999999904e-02
1.935699999999999921e-02 2.072099999999999984e-02
1.576100000000000070e-02 1.913799999999999876e-02
1.257899999999999990e-02 1.748200000000000101e-02
1.022099999999999918e-02 1.604500000000000023e-02
7.697999999999999982e-03 1.421200000000000067e-02
5.866999999999999819e-03 1.261299999999999921e-02
4.000000000000000083e-03 1.060400000000000058e-02
2.413999999999999913e-03 8.392999999999999419e-03
1.495000000000000018e-03 6.701999999999999624e-03
6.030000000000000204e-04 4.388999999999999672e-03
1.279999999999999942e-04 2.141999999999999807e-03
-0.000000000000000000e+00 3.009999999999999980e-04
1.289999999999999914e-04 -1.516999999999999902e-03
6.040000000000000447e-04 -3.678999999999999979e-03
1.495000000000000018e-03 -5.832999999999999644e-03
2.410999999999999949e-03 -7.363999999999999886e-03
3.989000000000000358e-03 -9.303000000000000505e-03
5.845000000000000369e-03 -1.099900000000000010e-02
7.662000000000000408e-03 -1.229599999999999964e-02
1.016700000000000069e-02 -1.372100000000000056e-02
1.250700000000000076e-02 -1.478299999999999927e-02
1.566400000000000084e-02 -1.593899999999999831e-02
1.923199999999999910e-02 -1.696599999999999844e-02
2.232500000000000109e-02 -1.768799999999999886e-02
2.652099999999999944e-02 -1.847800000000000137e-02
3.110900000000000123e-02 -1.916500000000000148e-02
3.495299999999999796e-02 -1.963200000000000014e-02
4.018000000000000044e-02 -2.015399999999999830e-02
4.451299999999999701e-02 -2.051100000000000145e-02
5.036299999999999805e-02 -2.091900000000000009e-02
5.640400000000000275e-02 -2.127300000000000024e-02
6.163099999999999828e-02 -2.154899999999999871e-02
6.826100000000000223e-02 -2.187000000000000055e-02
7.541399999999999493e-02 -2.220499999999999904e-02
8.115899999999999503e-02 -2.247400000000000092e-02
8.887799999999999867e-02 -2.285299999999999832e-02
9.506799999999999973e-02 -2.317599999999999869e-02
1.033319999999999933e-01 -2.365000000000000088e-02
1.116309999999999941e-01 -2.418000000000000010e-02
1.187420000000000003e-01 -2.468599999999999961e-02
1.275580000000000047e-01 -2.538299999999999931e-02
1.350699999999999956e-01 -2.604400000000000118e-02
1.443820000000000103e-01 -2.695200000000000026e-02
1.542209999999999970e-01 -2.801999999999999977e-02
1.620610000000000106e-01 -2.894800000000000151e-02
1.723530000000000062e-01 -3.026099999999999970e-02
1.826180000000000025e-01 -3.165400000000000158e-02
1.912739999999999996e-01 -3.286599999999999938e-02
2.019630000000000036e-01 -3.435699999999999865e-02
2.109389999999999876e-01 -3.554500000000000021e-02
2.221200000000000119e-01 -3.685700000000000087e-02
2.335710000000000008e-01 -3.798300000000000287e-02
2.428530000000000133e-01 -3.873399999999999760e-02
2.546470000000000122e-01 -3.948499999999999927e-02
2.642039999999999944e-01 -3.993000000000000022e-02
2.763120000000000021e-01 -4.029800000000000049e-02
2.886139999999999817e-01 -4.045900000000000191e-02
2.985169999999999768e-01 -4.045200000000000184e-02
3.111010000000000164e-01 -4.028700000000000336e-02
3.237180000000000057e-01 -3.998399999999999871e-02
3.340420000000000056e-01 -3.965799999999999881e-02
3.468829999999999969e-01 -3.919299999999999867e-02
3.573810000000000042e-01 -3.878199999999999703e-02
3.704120000000000190e-01 -3.826600000000000140e-02
3.837189999999999768e-01 -3.776299999999999796e-02
3.942410000000000081e-01 -3.740799999999999681e-02
4.077020000000000088e-01 -3.704600000000000254e-02
4.209959999999999813e-01 -3.682699999999999863e-02
4.318980000000000041e-01 -3.678300000000000319e-02
4.452599999999999891e-01 -3.692899999999999655e-02
4.562470000000000137e-01 -3.723499999999999727e-02
4.696339999999999959e-01 -3.778999999999999720e-02
4.834019999999999984e-01 -3.850900000000000156e-02
4.940599999999999992e-01 -3.912199999999999706e-02
5.078799999999999981e-01 -3.993800000000000128e-02
5.212059999999999471e-01 -4.068000000000000088e-02
5.323320000000000274e-01 -4.122699999999999976e-02
5.455640000000000489e-01 -4.173000000000000320e-02
5.567020000000000302e-01 -4.199100000000000055e-02
5.698039999999999772e-01 -4.206700000000000023e-02
5.834570000000000034e-01 -4.190399999999999681e-02
5.938750000000000417e-01 -4.162699999999999734e-02
6.074509999999999632e-01 -4.109600000000000058e-02
6.203840000000000465e-01 -4.043000000000000066e-02
6.311890000000000001e-01 -3.977100000000000080e-02
6.441249999999999476e-01 -3.887800000000000283e-02
6.569869999999999877e-01 -3.789900000000000213e-02
6.677840000000000442e-01 -3.702300000000000035e-02
6.799929999999999586e-01 -3.597500000000000003e-02
6.906390000000000029e-01 -3.498199999999999921e-02
7.025780000000000358e-01 -3.374300000000000216e-02
7.154690000000000216e-01 -3.221799999999999664e-02
7.268700000000000161e-01 -3.067900000000000141e-02
7.373060000000000169e-01 -2.910199999999999940e-02
7.483880000000000532e-01 -2.724199999999999885e-02
7.585819999999999785e-01 -2.536300000000000013e-02
7.693280000000000118e-01 -2.320799999999999946e-02
7.814780000000000060e-01 -2.056499999999999995e-02
7.918669999999999876e-01 -1.814100000000000087e-02
8.014010000000000300e-01 -1.582499999999999879e-02
8.114160000000000261e-01 -1.337200000000000021e-02
8.206050000000000288e-01 -1.116299999999999931e-02
8.302289999999999948e-01 -8.935999999999999499e-03
8.390440000000000120e-01 -7.008000000000000340e-03
8.482610000000000428e-01 -5.127999999999999746e-03
8.585679999999999978e-01 -3.213000000000000144e-03
8.673469999999999791e-01 -1.747999999999999988e-03
8.752459999999999685e-01 -5.670000000000000127e-04
8.835800000000000320e-01 5.349999999999999938e-04
8.910219999999999807e-01 1.389999999999999960e-03
8.988960000000000283e-01 2.161999999999999859e-03
9.072750000000000536e-01 2.815999999999999927e-03
9.148220000000000240e-01 3.261000000000000010e-03
9.210409999999999986e-01 3.537000000000000213e-03
9.280709999999999793e-01 3.748000000000000029e-03
9.337910000000000377e-01 3.840000000000000097e-03
9.405120000000000147e-01 3.857999999999999884e-03
9.466250000000000497e-01 3.788000000000000134e-03
9.517160000000000064e-01 3.667999999999999820e-03
9.571450000000000236e-01 3.474999999999999790e-03
9.627130000000000409e-01 3.210000000000000180e-03
9.674779999999999491e-01 2.926999999999999914e-03
9.714669999999999694e-01 2.651999999999999844e-03
9.756439999999999557e-01 2.325999999999999943e-03
9.798200000000000243e-01 1.962000000000000202e-03
9.833790000000000031e-01 1.621999999999999961e-03
9.867489999999999872e-01 1.276000000000000007e-03
9.896770000000000289e-01 9.550000000000000112e-04
9.922130000000000116e-01 6.639999999999999852e-04
9.948939999999999451e-01 3.409999999999999945e-04
9.968939999999999468e-01 9.000000000000000567e-05
9.985889999999999489e-01 -1.289999999999999914e-04
1.000000000000000000e+00 -3.159999999999999832e-04
1.000000000000000000e+00 1.000000000000000048e-04
