1.000000000000000000e+00 -6.999999999999999895e-06
1.000000000000000000e+00 4.620000000000000083e-04
9.986150000000000304e-01 7.699999999999999597e-04
9.969519999999999493e-01 1.132999999999999893e-03
9.946540000000000381e-01 1.621999999999999961e-03
9.923549999999999871e-01 2.101000000000000003e-03
9.898639999999999661e-01 2.608000000000000075e-03
9.869879999999999765e-01 3.181999999999999933e-03
9.836770000000000236e-01 3.831000000000000204e-03
9.801809999999999690e-01 4.503000000000000058e-03
9.760760000000000547e-01 5.277999999999999706e-03
9.719710000000000294e-01 6.039000000000000097e-03
9.671419999999999462e-01 6.919999999999999936e-03
9.623819999999999597e-01 7.775999999999999926e-03
9.578870000000000440e-01 8.573000000000000759e-03
9.522699999999999498e-01 9.558000000000000523e-03
9.464190000000000103e-01 1.057400000000000007e-02
9.399690000000000545e-01 1.168199999999999968e-02
9.348929999999999740e-01 1.254700000000000086e-02
9.278170000000000028e-01 1.374500000000000027e-02
9.210129999999999706e-01 1.488899999999999946e-02
9.146349999999999758e-01 1.595500000000000043e-02
9.073329999999999451e-01 1.716900000000000023e-02
8.987960000000000393e-01 1.859600000000000142e-02
8.909920000000000062e-01 1.991700000000000068e-02
8.835450000000000248e-01 2.117899999999999991e-02
8.752760000000000540e-01 2.257999999999999938e-02
8.673659999999999703e-01 2.392000000000000029e-02
8.586460000000000203e-01 2.539699999999999944e-02
8.483349999999999502e-01 2.714599999999999999e-02
8.391659999999999675e-01 2.870100000000000082e-02
8.303239999999999510e-01 3.019799999999999915e-02
8.207370000000000498e-01 3.181599999999999706e-02
8.115090000000000359e-01 3.335899999999999976e-02
8.015200000000000102e-01 3.500600000000000239e-02
7.899629999999999708e-01 3.685999999999999693e-02
7.793280000000000207e-01 3.849899999999999850e-02
7.696020000000000083e-01 3.993300000000000322e-02
7.585960000000000480e-01 4.148400000000000004e-02
7.485779999999999657e-01 4.283100000000000102e-02
7.372220000000000439e-01 4.428599999999999898e-02
7.269440000000000346e-01 4.553800000000000209e-02
7.147639999999999549e-01 4.695200000000000068e-02
7.024939999999999518e-01 4.830500000000000071e-02
6.920490000000000252e-01 4.940900000000000153e-02
6.797309999999999741e-01 5.066500000000000170e-02
6.691099999999999826e-01 5.171400000000000302e-02
6.565250000000000252e-01 5.292700000000000182e-02
6.431099999999999595e-01 5.417799999999999699e-02
6.329329999999999679e-01 5.509300000000000308e-02
6.193670000000000009e-01 5.625600000000000045e-02
6.065199999999999481e-01 5.728899999999999965e-02
5.953340000000000298e-01 5.812400000000000205e-02
5.822899999999999743e-01 5.901499999999999801e-02
5.710690000000000488e-01 5.970199999999999813e-02
5.578619999999999690e-01 6.040700000000000236e-02
5.466360000000000108e-01 6.091499999999999693e-02
5.333020000000000538e-01 6.141100000000000031e-02
5.193489999999999496e-01 6.181099999999999789e-02
5.086730000000000418e-01 6.203899999999999693e-02
4.947630000000000083e-01 6.224400000000000072e-02
4.813160000000000216e-01 6.234599999999999864e-02
4.702009999999999801e-01 6.236799999999999983e-02
4.567519999999999913e-01 6.232200000000000240e-02
4.457220000000000071e-01 6.223200000000000259e-02
4.323159999999999781e-01 6.206199999999999911e-02
4.186920000000000086e-01 6.183099999999999707e-02
4.080619999999999803e-01 6.161099999999999910e-02
3.945810000000000151e-01 6.128499999999999920e-02
3.840459999999999985e-01 6.099600000000000161e-02
3.707289999999999752e-01 6.058800000000000296e-02
3.576920000000000099e-01 6.014499999999999708e-02
3.471910000000000274e-01 5.975699999999999762e-02
3.343470000000000053e-01 5.924499999999999905e-02
3.215120000000000200e-01 5.869200000000000111e-02
3.114029999999999854e-01 5.822700000000000098e-02
2.988179999999999725e-01 5.760799999999999949e-02
2.889129999999999754e-01 5.708699999999999886e-02
2.766089999999999938e-01 5.639799999999999675e-02
2.644980000000000109e-01 5.566900000000000320e-02
2.549379999999999979e-01 5.505499999999999977e-02
2.431419999999999970e-01 5.424899999999999861e-02
2.315859999999999863e-01 5.340199999999999808e-02
2.223100000000000076e-01 5.267999999999999766e-02
2.112219999999999931e-01 5.176499999999999851e-02
2.022440000000000071e-01 5.097999999999999754e-02
1.915530000000000010e-01 4.999100000000000071e-02
1.808299999999999907e-01 4.893499999999999933e-02
1.726300000000000057e-01 4.808199999999999974e-02
1.623370000000000091e-01 4.694799999999999668e-02
1.544959999999999944e-01 4.603700000000000153e-02
1.446570000000000078e-01 4.483000000000000179e-02
1.353449999999999931e-01 4.361899999999999805e-02
1.278330000000000022e-01 4.259099999999999692e-02
1.190179999999999988e-01 4.132299999999999862e-02
1.102280000000000065e-01 3.998600000000000071e-02
1.036090000000000066e-01 3.892899999999999833e-02
9.534399999999999820e-02 3.754099999999999798e-02
8.915399999999999714e-02 3.645000000000000323e-02
8.143499999999999350e-02 3.501699999999999952e-02
7.423100000000000531e-02 3.360400000000000192e-02
6.853199999999999570e-02 3.242500000000000243e-02
6.189900000000000263e-02 3.098000000000000059e-02
5.666600000000000109e-02 2.977499999999999938e-02
5.061700000000000227e-02 2.830200000000000077e-02
4.475599999999999717e-02 2.677600000000000119e-02
4.041100000000000247e-02 2.557500000000000051e-02
3.516600000000000281e-02 2.402200000000000168e-02
3.032800000000000079e-02 2.247199999999999892e-02
2.669300000000000145e-02 2.120999999999999969e-02
2.247100000000000139e-02 1.961800000000000002e-02
1.935699999999999921e-02 1.832400000000000001e-02
1.576100000000000070e-02 1.667400000000000132e-02
1.257899999999999990e-02 1.501399999999999957e-02
1.022099999999999918e-02 1.362299999999999969e-02
7.697999999999999982e-03 1.190699999999999918e-02
5.866999999999999819e-03 1.045800000000000028e-02
4.000000000000000083e-03 8.687999999999999542e-03
2.413999999999999913e-03 6.792000000000000294e-03
1.495000000000000018e-03 5.368999999999999641e-03
6.030000000000000204e-04 3.446999999999999977e-03
1.279999999999999942e-04 1.590000000000000050e-03
-0.000000000000000000e+00 6.499999999999999431e-05
1.289999999999999914e-04 -1.456000000000000046e-03
6.040000000000000447e-04 -3.297000000000000017e-03
1.495000000000000018e-03 -5.190000000000000169e-03
2.410999999999999949e-03 -6.585999999999999840e-03
3.989000000000000358e-03 -8.439000000000000321e-03
5.845000000000000369e-03 -1.016300000000000016e-02
7.662000000000000408e-03 -1.157299999999999995e-02
1.016700000000000069e-02 -1.323900000000000077e-02
1.250700000000000076e-02 -1.459000000000000054e-02
1.566400000000000084e-02 -1.619800000000000059e-02
1.923199999999999910e-02 -1.779599999999999932e-02
2.232500000000000109e-02 -1.904399999999999843e-02
2.652099999999999944e-02 -2.057499999999999954e-02
3.110900000000000123e-02 -2.208799999999999999e-02
3.495299999999999796e-02 -2.324899999999999883e-02
4.018000000000000044e-02 -2.470800000000000080e-02
4.451299999999999701e-02 -2.582600000000000173e-02
5.036299999999999805e-02 -2.723300000000000026e-02
5.640400000000000275e-02 -2.857799999999999924e-02
6.163099999999999828e-02 -2.967300000000000146e-02
6.826100000000000223e-02 -3.097799999999999859e-02
7.541399999999999493e-02 -3.230299999999999838e-02
8.115899999999999503e-02 -3.331100000000000033e-02
8.887799999999999867e-02 -3.460200000000000081e-02
9.506799999999999973e-02 -3.558900000000000258e-02
1.033319999999999933e-01 -3.685299999999999687e-02
1.116309999999999941e-01 -3.806400000000000061e-02
1.187420000000000003e-01 -3.906300000000000050e-02
1.275580000000000047e-01 -4.025600000000000012e-02
1.350699999999999956e-01 -4.123600000000000182e-02
1.443820000000000103e-01 -4.240700000000000025e-02
1.542209999999999970e-01 -4.359899999999999887e-02
1.620610000000000106e-01 -4.451499999999999901e-02
1.723530000000000062e-01 -4.567299999999999832e-02
1.826180000000000025e-01 -4.677499999999999714e-02
1.912739999999999996e-01 -4.765699999999999797e-02
2.019630000000000036e-01 -4.867799999999999905e-02
2.109389999999999876e-01 -4.946600000000000302e-02
2.221200000000000119e-01 -5.034399999999999986e-02
2.335710000000000008e-01 -5.113000000000000184e-02
2.428530000000000133e-01 -5.168899999999999884e-02
2.546470000000000122e-01 -5.231299999999999839e-02
2.642039999999999944e-01 -5.275699999999999834e-02
2.763120000000000021e-01 -5.326199999999999685e-02
2.886139999999999817e-01 -5.372799999999999798e-02
2.985169999999999768e-01 -5.408799999999999719e-02
3.111010000000000164e-01 -5.454699999999999827e-02
3.237180000000000057e-01 -5.504200000000000065e-02
3.340420000000000056e-01 -5.548800000000000260e-02
3.468829999999999969e-01 -5.611200000000000215e-02
3.573810000000000042e-01 -5.665800000000000003e-02
3.704120000000000190e-01 -5.735500000000000320e-02
3.837189999999999768e-01 -5.805199999999999944e-02
3.942410000000000081e-01 -5.857199999999999906e-02
4.077020000000000088e-01 -5.916899999999999937e-02
4.209959999999999813e-01 -5.965299999999999769e-02
4.318980000000000041e-01 -5.995400000000000035e-02
4.452599999999999891e-01 -6.017700000000000132e-02
4.562470000000000137e-01 -6.023200000000000082e-02
4.696339999999999959e-01 -6.014300000000000201e-02
4.834019999999999984e-01 -5.990000000000000185e-02
4.940599999999999992e-01 -5.961199999999999832e-02
5.078799999999999981e-01 -5.913500000000000006e-02
5.212059999999999471e-01 -5.857500000000000207e-02
5.323320000000000274e-01 -5.805199999999999944e-02
5.455640000000000489e-01 -5.737300000000000039e-02
5.567020000000000302e-01 -5.677000000000000102e-02
5.698039999999999772e-01 -5.602300000000000335e-02
5.834570000000000034e-01 -5.518900000000000194e-02
5.938750000000000417e-01 -5.449299999999999977e-02
6.074509999999999632e-01 -5.349299999999999888e-02
6.203840000000000465e-01 -5.241400000000000226e-02
6.311890000000000001e-01 -5.140299999999999730e-02
6.441249999999999476e-01 -5.003799999999999915e-02
6.569869999999999877e-01 -4.849500000000000338e-02
6.677840000000000442e-01 -4.703999999999999848e-02
6.799929999999999586e-01 -4.521000000000000019e-02
6.906390000000000029e-01 -4.346900000000000069e-02
7.025780000000000358e-01 -4.138200000000000212e-02
7.154690000000000216e-01 -3.899999999999999994e-02
7.268700000000000161e-01 -3.680900000000000144e-02
7.373060000000000169e-01 -3.476200000000000123e-02
7.483880000000000532e-01 -3.256200000000000067e-02
7.585819999999999785e-01 -3.053700000000000164e-02
7.693280000000000118e-01 -2.841399999999999829e-02
7.814780000000000060e-01 -2.605000000000000024e-02
7.918669999999999876e-01 -2.407099999999999865e-02
8.014010000000000300e-01 -2.229599999999999985e-02
8.114160000000000261e-01 -2.047300000000000161e-02
8.206050000000000288e-01 -1.883900000000000158e-02
8.302289999999999948e-01 -1.716900000000000023e-02
8.390440000000000120e-01 -1.567899999999999849e-02
8.482610000000000428e-01 -1.416500000000000051e-02
8.585679999999999978e-01 -1.252900000000000021e-02
8.673469999999999791e-01 -1.118700000000000076e-02
8.752459999999999685e-01 -1.002300000000000066e-02
8.835800000000000320e-01 -8.843000000000000166e-03
8.910219999999999807e-01 -7.834999999999999951e-03
8.988960000000000283e-01 -6.819999999999999674e-03
9.072750000000000536e-01 -5.820999999999999786e-03
9.148220000000000240e-01 -4.989999999999999644e-03
9.210409999999999986e-01 -4.346000000000000037e-03
9.280709999999999793e-01 -3.664999999999999855e-03
9.337910000000000377e-01 -3.151999999999999854e-03
9.405120000000000147e-01 -2.595999999999999783e-03
9.466250000000000497e-01 -2.138999999999999842e-03
9.517160000000000064e-01 -1.794999999999999938e-03
9.571450000000000236e-01 -1.469000000000000037e-03
9.627130000000000409e-01 -1.178999999999999927e-03
9.674779999999999491e-01 -9.690000000000000262e-04
9.714669999999999694e-01 -8.189999999999999581e-04
9.756439999999999557e-01 -6.899999999999999667e-04
9.798200000000000243e-01 -5.869999999999999567e-04
9.833790000000000031e-01 -5.220000000000000031e-04
9.867489999999999872e-01 -4.780000000000000178e-04
9.896770000000000289e-01 -4.539999999999999765e-04
9.922130000000000116e-01 -4.429999999999999802e-04
9.948939999999999451e-01 -4.429999999999999802e-04
9.968939999999999468e-01 -4.510000000000000120e-04
9.985889999999999489e-01 -4.620000000000000083e-04
1.000000000000000000e+00 -4.760000000000000234e-04
1.000000000000000000e+00 -6.999999999999999895e-06
