1.000000000000000000e+00 1.000000000000000048e-04
1.000000000000000000e+00 5.140000000000000254e-04
9.986150000000000304e-01 9.550000000000000112e-04
9.969519999999999493e-01 1.474999999999999966e-03
9.946540000000000381e-01 2.177000000000000116e-03
9.923549999999999871e-01 2.863000000000000093e-03
9.898639999999999661e-01 3.589999999999999875e-03
9.869879999999999765e-01 4.412000000000000123e-03
9.836770000000000236e-01 5.335000000000000332e-03
9.801809999999999690e-01 6.288000000000000186e-03
9.760760000000000547e-01 7.379000000000000142e-03
9.719710000000000294e-01 8.443000000000000851e-03
9.671419999999999462e-01 9.662000000000000449e-03
9.623819999999999597e-01 1.083199999999999961e-02
9.578870000000000440e-01 1.191000000000000045e-02
9.522699999999999498e-01 1.322000000000000085e-02
9.464190000000000103e-01 1.454500000000000064e-02
9.399690000000000545e-01 1.595999999999999849e-02
9.348929999999999740e-01 1.703999999999999959e-02
9.278170000000000028e-01 1.849500000000000102e-02
9.210129999999999706e-01 1.984100000000000100e-02
9.146349999999999758e-01 2.105399999999999980e-02
9.073329999999999451e-01 2.238400000000000112e-02
8.987960000000000393e-01 2.387099999999999986e-02
8.909920000000000062e-01 2.517099999999999893e-02
8.835450000000000248e-01 2.634500000000000036e-02
8.752760000000000540e-01 2.757000000000000076e-02
8.673659999999999703e-01 2.866099999999999898e-02
8.586460000000000203e-01 2.977199999999999985e-02
8.483349999999999502e-01 3.096000000000000141e-02
8.391659999999999675e-01 3.190400000000000180e-02
8.303239999999999510e-01 3.271400000000000002e-02
8.207370000000000498e-01 3.348899999999999794e-02
8.115090000000000359e-01 3.413999999999999674e-02
8.015200000000000102e-01 3.475700000000000317e-02
7.899629999999999708e-01 3.538700000000000179e-02
7.793280000000000207e-01 3.592599999999999960e-02
7.696020000000000083e-01 3.640100000000000280e-02
7.585960000000000480e-01 3.692600000000000049e-02
7.485779999999999657e-01 3.739800000000000069e-02
7.372220000000000439e-01 3.794100000000000250e-02
7.269440000000000346e-01 3.844800000000000301e-02
7.147639999999999549e-01 3.908600000000000269e-02
7.024939999999999518e-01 3.978999999999999898e-02
6.920490000000000252e-01 4.045499999999999791e-02
6.797309999999999741e-01 4.133599999999999774e-02
6.691099999999999826e-01 4.219300000000000134e-02
6.565250000000000252e-01 4.333800000000000152e-02
6.431099999999999595e-01 4.469000000000000056e-02
6.329329999999999679e-01 4.578399999999999831e-02
6.193670000000000009e-01 4.729900000000000077e-02
6.065199999999999481e-01 4.876199999999999979e-02
5.953340000000000298e-01 5.002700000000000202e-02
5.822899999999999743e-01 5.146099999999999980e-02
5.710690000000000488e-01 5.263099999999999723e-02
5.578619999999999690e-01 5.390000000000000346e-02
5.466360000000000108e-01 5.486300000000000204e-02
5.333020000000000538e-01 5.586300000000000293e-02
5.193489999999999496e-01 5.675199999999999689e-02
5.086730000000000418e-01 5.732799999999999702e-02
4.947630000000000083e-01 5.795000000000000151e-02
4.813160000000000216e-01 5.842100000000000071e-02
4.702009999999999801e-01 5.872200000000000336e-02
4.567519999999999913e-01 5.898300000000000071e-02
4.457220000000000071e-01 5.911899999999999794e-02
4.323159999999999781e-01 5.919699999999999962e-02
4.186920000000000086e-01 5.918400000000000050e-02
4.080619999999999803e-01 5.911399999999999988e-02
3.945810000000000151e-01 5.895500000000000046e-02
3.840459999999999985e-01 5.877899999999999792e-02
3.707289999999999752e-01 5.849599999999999939e-02
3.576920000000000099e-01 5.815599999999999936e-02
3.471910000000000274e-01 5.783900000000000152e-02
3.343470000000000053e-01 5.740300000000000263e-02
3.215120000000000200e-01 5.691399999999999931e-02
3.114029999999999854e-01 5.648899999999999755e-02
2.988179999999999725e-01 5.590599999999999736e-02
2.889129999999999754e-01 5.540199999999999986e-02
2.766089999999999938e-01 5.471999999999999781e-02
2.644980000000000109e-01 5.398300000000000320e-02
2.549379999999999979e-01 5.335399999999999865e-02
2.431419999999999970e-01 5.252099999999999824e-02
2.315859999999999863e-01 5.164099999999999940e-02
2.223100000000000076e-01 5.088999999999999774e-02
2.112219999999999931e-01 4.994099999999999928e-02
2.022440000000000071e-01 4.913200000000000206e-02
1.915530000000000010e-01 4.812799999999999717e-02
1.808299999999999907e-01 4.707900000000000279e-02
1.726300000000000057e-01 4.624899999999999844e-02
1.623370000000000091e-01 4.517100000000000282e-02
1.544959999999999944e-01 4.431999999999999829e-02
1.446570000000000078e-01 4.321200000000000041e-02
1.353449999999999931e-01 4.212099999999999872e-02
1.278330000000000022e-01 4.120599999999999957e-02
1.190179999999999988e-01 4.009100000000000164e-02
1.102280000000000065e-01 3.893100000000000033e-02
1.036090000000000066e-01 3.802200000000000024e-02
9.534399999999999820e-02 3.684099999999999875e-02
8.915399999999999714e-02 3.592000000000000054e-02
8.143499999999999350e-02 3.472000000000000086e-02
7.423100000000000531e-02 3.354399999999999743e-02
6.853199999999999570e-02 3.256799999999999973e-02
6.189900000000000263e-02 3.137299999999999811e-02
5.666600000000000109e-02 3.037700000000000122e-02
5.061700000000000227e-02 2.915699999999999889e-02
4.475599999999999717e-02 2.788500000000000006e-02
4.041100000000000247e-02 2.687399999999999858e-02
3.516600000000000281e-02 2.555100000000000079e-02
3.032800000000000079e-02 2.420800000000000035e-02
2.669300000000000145e-02 2.308999999999999941e-02
2.247100000000000139e-02 2.164500000000000104e-02
1.935699999999999921e-02 2.043899999999999884e-02
1.576100000000000070e-02 1.885600000000000123e-02
1.257899999999999990e-02 1.720500000000000154e-02
1.022099999999999918e-02 1.577699999999999936e-02
7.697999999999999982e-03 1.396000000000000019e-02
5.866999999999999819e-03 1.238000000000000038e-02
4.000000000000000083e-03 1.039799999999999926e-02
2.413999999999999913e-03 8.220999999999999142e-03
1.495000000000000018e-03 6.558999999999999726e-03
6.030000000000000204e-04 4.290000000000000410e-03
1.279999999999999942e-04 2.086999999999999880e-03
-0.000000000000000000e+00 2.829999999999999942e-04
1.289999999999999914e-04 -1.497000000000000067e-03
6.040000000000000447e-04 -3.612999999999999892e-03
1.495000000000000018e-03 -5.722999999999999789e-03
2.410999999999999949e-03 -7.222000000000000121e-03
3.989000000000000358e-03 -9.122999999999999166e-03
5.845000000000000369e-03 -1.078800000000000071e-02
7.662000000000000408e-03 -1.206400000000000007e-02
1.016700000000000069e-02 -1.346999999999999933e-02
1.250700000000000076e-02 -1.452099999999999919e-02
1.566400000000000084e-02 -1.567100000000000090e-02
1.923199999999999910e-02 -1.669999999999999957e-02
2.232500000000000109e-02 -1.743099999999999858e-02
2.652099999999999944e-02 -1.823899999999999827e-02
3.110900000000000123e-02 -1.895300000000000110e-02
3.495299999999999796e-02 -1.944699999999999901e-02
4.018000000000000044e-02 -2.001400000000000054e-02
4.451299999999999701e-02 -2.041300000000000059e-02
5.036299999999999805e-02 -2.088399999999999979e-02
5.640400000000000275e-02 -2.130999999999999908e-02
6.163099999999999828e-02 -2.165399999999999964e-02
6.826100000000000223e-02 -2.206699999999999981e-02
7.541399999999999493e-02 -2.250999999999999876e-02
8.115899999999999503e-02 -2.287099999999999897e-02
8.887799999999999867e-02 -2.338200000000000001e-02
9.506799999999999973e-02 -2.381600000000000036e-02
1.033319999999999933e-01 -2.444500000000000145e-02
1.116309999999999941e-01 -2.513900000000000162e-02
1.187420000000000003e-01 -2.579000000000000042e-02
1.275580000000000047e-01 -2.667200000000000126e-02
1.350699999999999956e-01 -2.749300000000000008e-02
1.443820000000000103e-01 -2.859799999999999842e-02
1.542209999999999970e-01 -2.987000000000000072e-02
1.620610000000000106e-01 -3.095099999999999935e-02
1.723530000000000062e-01 -3.244299999999999962e-02
1.826180000000000025e-01 -3.397700000000000026e-02
1.912739999999999996e-01 -3.526599999999999874e-02
2.019630000000000036e-01 -3.677600000000000313e-02
2.109389999999999876e-01 -3.789800000000000113e-02
2.221200000000000119e-01 -3.899799999999999794e-02
2.335710000000000008e-01 -3.975900000000000267e-02
2.428530000000000133e-01 -4.011399999999999688e-02
2.546470000000000122e-01 -4.024900000000000005e-02
2.642039999999999944e-01 -4.012199999999999794e-02
2.763120000000000021e-01 -3.969700000000000312e-02
2.886139999999999817e-01 -3.902200000000000113e-02
2.985169999999999768e-01 -3.835500000000000020e-02
3.111010000000000164e-01 -3.742399999999999893e-02
3.237180000000000057e-01 -3.649800000000000266e-02
3.340420000000000056e-01 -3.582300000000000068e-02
3.468829999999999969e-01 -3.515999999999999681e-02
3.573810000000000042e-01 -3.476100000000000023e-02
3.704120000000000190e-01 -3.442900000000000127e-02
3.837189999999999768e-01 -3.425899999999999779e-02
3.942410000000000081e-01 -3.423500000000000154e-02
4.077020000000000088e-01 -3.433200000000000141e-02
4.209959999999999813e-01 -3.455400000000000138e-02
4.318980000000000041e-01 -3.482099999999999779e-02
4.452599999999999891e-01 -3.523600000000000343e-02
4.562470000000000137e-01 -3.564500000000000307e-02
4.696339999999999959e-01 -3.619599999999999901e-02
4.834019999999999984e-01 -3.679999999999999938e-02
4.940599999999999992e-01 -3.726999999999999758e-02
5.078799999999999981e-01 -3.786300000000000082e-02
5.212059999999999471e-01 -3.838400000000000145e-02
5.323320000000000274e-01 -3.876600000000000185e-02
5.455640000000000489e-01 -3.912800000000000306e-02
5.567020000000000302e-01 -3.934100000000000097e-02
5.698039999999999772e-01 -3.945900000000000102e-02
5.834570000000000034e-01 -3.943900000000000183e-02
5.938750000000000417e-01 -3.932599999999999985e-02
6.074509999999999632e-01 -3.905800000000000244e-02
6.203840000000000465e-01 -3.867600000000000204e-02
6.311890000000000001e-01 -3.826700000000000240e-02
6.441249999999999476e-01 -3.766800000000000009e-02
6.569869999999999877e-01 -3.695999999999999980e-02
6.677840000000000442e-01 -3.627899999999999875e-02
6.799929999999999586e-01 -3.540800000000000197e-02
6.906390000000000029e-01 -3.453200000000000019e-02
7.025780000000000358e-01 -3.339099999999999707e-02
7.154690000000000216e-01 -3.193800000000000111e-02
7.268700000000000161e-01 -3.044200000000000031e-02
7.373060000000000169e-01 -2.889200000000000101e-02
7.483880000000000532e-01 -2.705199999999999966e-02
7.585819999999999785e-01 -2.518499999999999905e-02
7.693280000000000118e-01 -2.304300000000000098e-02
7.814780000000000060e-01 -2.041400000000000159e-02
7.918669999999999876e-01 -1.800399999999999917e-02
8.014010000000000300e-01 -1.570300000000000168e-02
8.114160000000000261e-01 -1.326800000000000028e-02
8.206050000000000288e-01 -1.107400000000000051e-02
8.302289999999999948e-01 -8.864000000000000351e-03
8.390440000000000120e-01 -6.950999999999999714e-03
8.482610000000000428e-01 -5.085000000000000110e-03
8.585679999999999978e-01 -3.184000000000000198e-03
8.673469999999999791e-01 -1.729999999999999984e-03
8.752459999999999685e-01 -5.580000000000000107e-04
8.835800000000000320e-01 5.370000000000000424e-04
8.910219999999999807e-01 1.386999999999999995e-03
8.988960000000000283e-01 2.154999999999999798e-03
9.072750000000000536e-01 2.805000000000000202e-03
9.148220000000000240e-01 3.249999999999999851e-03
9.210409999999999986e-01 3.526000000000000054e-03
9.280709999999999793e-01 3.736000000000000171e-03
9.337910000000000377e-01 3.828999999999999938e-03
9.405120000000000147e-01 3.847999999999999858e-03
9.466250000000000497e-01 3.779999999999999940e-03
9.517160000000000064e-01 3.661000000000000192e-03
9.571450000000000236e-01 3.471000000000000127e-03
9.627130000000000409e-01 3.207000000000000215e-03
9.674779999999999491e-01 2.925000000000000083e-03
9.714669999999999694e-01 2.651999999999999844e-03
9.756439999999999557e-01 2.325999999999999943e-03
9.798200000000000243e-01 1.962999999999999901e-03
9.833790000000000031e-01 1.623000000000000094e-03
9.867489999999999872e-01 1.278000000000000056e-03
9.896770000000000289e-01 9.569999999999999514e-04
9.922130000000000116e-01 6.660000000000000338e-04
9.948939999999999451e-01 3.429999999999999889e-04
9.968939999999999468e-01 9.200000000000000007e-05
9.985889999999999489e-01 -1.269999999999999970e-04
1.000000000000000000e+00 -3.139999999999999888e-04
1.000000000000000000e+00 1.000000000000000048e-04
