1.000000000000000000e+00 1.129999999999999955e-04
1.000000000000000000e+00 5.850000000000000165e-04
9.986150000000000304e-01 1.052999999999999900e-03
9.969519999999999493e-01 1.603000000000000041e-03
9.946540000000000381e-01 2.343000000000000031e-03
9.923549999999999871e-01 3.063000000000000184e-03
9.898639999999999661e-01 3.824000000000000142e-03
9.869879999999999765e-01 4.682000000000000398e-03
9.836770000000000236e-01 5.645999999999999977e-03
9.801809999999999690e-01 6.640000000000000069e-03
9.760760000000000547e-01 7.779000000000000324e-03
9.719710000000000294e-01 8.892999999999999863e-03
9.671419999999999462e-01 1.017400000000000075e-02
9.623819999999999597e-01 1.141000000000000000e-02
9.578870000000000440e-01 1.255500000000000019e-02
9.522699999999999498e-01 1.395899999999999919e-02
9.464190000000000103e-01 1.539399999999999970e-02
9.399690000000000545e-01 1.694400000000000073e-02
9.348929999999999740e-01 1.814100000000000087e-02
9.278170000000000028e-01 1.977999999999999897e-02
9.210129999999999706e-01 2.132099999999999967e-02
9.146349999999999758e-01 2.273599999999999927e-02
9.073329999999999451e-01 2.431799999999999934e-02
8.987960000000000393e-01 2.613000000000000045e-02
8.909920000000000062e-01 2.775400000000000089e-02
8.835450000000000248e-01 2.926000000000000129e-02
8.752760000000000540e-01 3.087600000000000067e-02
8.673659999999999703e-01 3.235899999999999888e-02
8.586460000000000203e-01 3.391700000000000270e-02
8.483349999999999502e-01 3.564400000000000207e-02
8.391659999999999675e-01 3.706000000000000266e-02
8.303239999999999510e-01 3.830299999999999677e-02
8.207370000000000498e-01 3.949699999999999739e-02
8.115090000000000359e-01 4.047200000000000103e-02
8.015200000000000102e-01 4.131100000000000050e-02
7.899629999999999708e-01 4.196099999999999830e-02
7.793280000000000207e-01 4.222700000000000065e-02
7.696020000000000083e-01 4.218600000000000128e-02
7.585960000000000480e-01 4.182799999999999713e-02
7.485779999999999657e-01 4.123199999999999782e-02
7.372220000000000439e-01 4.028099999999999736e-02
7.269440000000000346e-01 3.920300000000000173e-02
7.147639999999999549e-01 3.772400000000000059e-02
7.024939999999999518e-01 3.609799999999999814e-02
6.920490000000000252e-01 3.468600000000000155e-02
6.797309999999999741e-01 3.309200000000000336e-02
6.691099999999999826e-01 3.186900000000000149e-02
6.565250000000000252e-01 3.070000000000000159e-02
6.431099999999999595e-01 2.979300000000000004e-02
6.329329999999999679e-01 2.931599999999999831e-02
6.193670000000000009e-01 2.892700000000000132e-02
6.065199999999999481e-01 2.878400000000000056e-02
5.953340000000000298e-01 2.880500000000000074e-02
5.822899999999999743e-01 2.896699999999999969e-02
5.710690000000000488e-01 2.919499999999999873e-02
5.578619999999999690e-01 2.953400000000000122e-02
5.466360000000000108e-01 2.985399999999999859e-02
5.333020000000000538e-01 3.024599999999999858e-02
5.193489999999999496e-01 3.064499999999999863e-02
5.086730000000000418e-01 3.092299999999999910e-02
4.947630000000000083e-01 3.122700000000000128e-02
4.813160000000000216e-01 3.143200000000000160e-02
4.702009999999999801e-01 3.151500000000000135e-02
4.567519999999999913e-01 3.148600000000000010e-02
4.457220000000000071e-01 3.133699999999999680e-02
4.323159999999999781e-01 3.099400000000000072e-02
4.186920000000000086e-01 3.057199999999999848e-02
4.080619999999999803e-01 3.028600000000000042e-02
3.945810000000000151e-01 3.009699999999999875e-02
3.840459999999999985e-01 3.017099999999999990e-02
3.707289999999999752e-01 3.065700000000000022e-02
3.576920000000000099e-01 3.168399999999999689e-02
3.471910000000000274e-01 3.299499999999999655e-02
3.343470000000000053e-01 3.529399999999999898e-02
3.215120000000000200e-01 3.841599999999999876e-02
3.114029999999999854e-01 4.129200000000000231e-02
2.988179999999999725e-01 4.509500000000000314e-02
2.889129999999999754e-01 4.806099999999999955e-02
2.766089999999999938e-01 5.147199999999999692e-02
2.644980000000000109e-01 5.431199999999999917e-02
2.549379999999999979e-01 5.605999999999999872e-02
2.431419999999999970e-01 5.749100000000000044e-02
2.315859999999999863e-01 5.801800000000000013e-02
2.223100000000000076e-01 5.776400000000000284e-02
2.112219999999999931e-01 5.663300000000000278e-02
2.022440000000000071e-01 5.508699999999999708e-02
1.915530000000000010e-01 5.272600000000000203e-02
1.808299999999999907e-01 5.002100000000000296e-02
1.726300000000000057e-01 4.784599999999999964e-02
1.623370000000000091e-01 4.509200000000000014e-02
1.544959999999999944e-01 4.302899999999999781e-02
1.446570000000000078e-01 4.053299999999999959e-02
1.353449999999999931e-01 3.829699999999999771e-02
1.278330000000000022e-01 3.659799999999999859e-02
1.190179999999999988e-01 3.473199999999999898e-02
1.102280000000000065e-01 3.301500000000000268e-02
1.036090000000000066e-01 3.181699999999999806e-02
9.534399999999999820e-02 3.043300000000000172e-02
8.915399999999999714e-02 2.947599999999999873e-02
8.143499999999999350e-02 2.836999999999999938e-02
7.423100000000000531e-02 2.742100000000000093e-02
6.853199999999999570e-02 2.671700000000000116e-02
6.189900000000000263e-02 2.594399999999999831e-02
5.666600000000000109e-02 2.535700000000000107e-02
5.061700000000000227e-02 2.469299999999999967e-02
4.475599999999999717e-02 2.403900000000000134e-02
4.041100000000000247e-02 2.353600000000000136e-02
3.516600000000000281e-02 2.287300000000000097e-02
3.032800000000000079e-02 2.217999999999999833e-02
2.669300000000000145e-02 2.156999999999999890e-02
2.247100000000000139e-02 2.072699999999999890e-02
1.935699999999999921e-02 1.996399999999999911e-02
1.576100000000000070e-02 1.887899999999999995e-02
1.257899999999999990e-02 1.763800000000000090e-02
1.022099999999999918e-02 1.648000000000000159e-02
7.697999999999999982e-03 1.489799999999999978e-02
5.866999999999999819e-03 1.343500000000000076e-02
4.000000000000000083e-03 1.149500000000000001e-02
2.413999999999999913e-03 9.251000000000000542e-03
1.495000000000000018e-03 7.468999999999999945e-03
6.030000000000000204e-04 4.954000000000000070e-03
1.279999999999999942e-04 2.439000000000000196e-03
-0.000000000000000000e+00 3.370000000000000057e-04
1.289999999999999914e-04 -1.766999999999999908e-03
6.040000000000000447e-04 -4.298999999999999870e-03
1.495000000000000018e-03 -6.845000000000000390e-03
2.410999999999999949e-03 -8.661000000000000296e-03
3.989000000000000358e-03 -1.096699999999999932e-02
5.845000000000000369e-03 -1.298099999999999948e-02
7.662000000000000408e-03 -1.451799999999999966e-02
1.016700000000000069e-02 -1.620100000000000012e-02
1.250700000000000076e-02 -1.745199999999999876e-02
1.566400000000000084e-02 -1.881000000000000033e-02
1.923199999999999910e-02 -2.002100000000000060e-02
2.232500000000000109e-02 -2.087999999999999926e-02
2.652099999999999944e-02 -2.183699999999999877e-02
3.110900000000000123e-02 -2.269799999999999943e-02
3.495299999999999796e-02 -2.331300000000000039e-02
4.018000000000000044e-02 -2.405200000000000046e-02
4.451299999999999701e-02 -2.460400000000000087e-02
5.036299999999999805e-02 -2.530800000000000063e-02
5.640400000000000275e-02 -2.601200000000000040e-02
6.163099999999999828e-02 -2.662700000000000136e-02
6.826100000000000223e-02 -2.743299999999999905e-02
7.541399999999999493e-02 -2.836199999999999832e-02
8.115899999999999503e-02 -2.916300000000000142e-02
8.887799999999999867e-02 -3.033399999999999985e-02
9.506799999999999973e-02 -3.135999999999999899e-02
1.033319999999999933e-01 -3.286499999999999838e-02
1.116309999999999941e-01 -3.454299999999999732e-02
1.187420000000000003e-01 -3.612300000000000233e-02
1.275580000000000047e-01 -3.827300000000000146e-02
1.350699999999999956e-01 -4.027900000000000230e-02
1.443820000000000103e-01 -4.299599999999999950e-02
1.542209999999999970e-01 -4.614700000000000052e-02
1.620610000000000106e-01 -4.886100000000000165e-02
1.723530000000000062e-01 -5.268199999999999966e-02
1.826180000000000025e-01 -5.674200000000000077e-02
1.912739999999999996e-01 -6.030599999999999850e-02
2.019630000000000036e-01 -6.477499999999999925e-02
2.109389999999999876e-01 -6.845999999999999308e-02
2.221200000000000119e-01 -7.277000000000000135e-02
2.335710000000000008e-01 -7.676399999999999890e-02
2.428530000000000133e-01 -7.964499999999999358e-02
2.546470000000000122e-01 -8.278800000000000048e-02
2.642039999999999944e-01 -8.486200000000000687e-02
2.763120000000000021e-01 -8.681800000000000628e-02
2.886139999999999817e-01 -8.795500000000000540e-02
2.985169999999999768e-01 -8.819899999999999962e-02
3.111010000000000164e-01 -8.757900000000000407e-02
3.237180000000000057e-01 -8.586799999999999988e-02
3.340420000000000056e-01 -8.362999999999999601e-02
3.468829999999999969e-01 -7.986000000000000043e-02
3.573810000000000042e-01 -7.614600000000000535e-02
3.704120000000000190e-01 -7.102500000000000480e-02
3.837189999999999768e-01 -6.553599999999999703e-02
3.942410000000000081e-01 -6.124399999999999983e-02
4.077020000000000088e-01 -5.612099999999999728e-02
4.209959999999999813e-01 -5.180400000000000282e-02
4.318980000000000041e-01 -4.906900000000000150e-02
4.452599999999999891e-01 -4.701400000000000023e-02
4.562470000000000137e-01 -4.655200000000000310e-02
4.696339999999999959e-01 -4.728999999999999870e-02
4.834019999999999984e-01 -4.920800000000000174e-02
4.940599999999999992e-01 -5.126499999999999807e-02
5.078799999999999981e-01 -5.437800000000000272e-02
5.212059999999999471e-01 -5.752999999999999781e-02
5.323320000000000274e-01 -6.003700000000000009e-02
5.455640000000000489e-01 -6.257799999999999474e-02
5.567020000000000302e-01 -6.412900000000000544e-02
5.698039999999999772e-01 -6.507200000000000484e-02
5.834570000000000034e-01 -6.511799999999999533e-02
5.938750000000000417e-01 -6.458700000000000552e-02
6.074509999999999632e-01 -6.326400000000000079e-02
6.203840000000000465e-01 -6.144199999999999662e-02
6.311890000000000001e-01 -5.958000000000000101e-02
6.441249999999999476e-01 -5.703199999999999936e-02
6.569869999999999877e-01 -5.425399999999999667e-02
6.677840000000000442e-01 -5.180699999999999888e-02
6.799929999999999586e-01 -4.897399999999999670e-02
6.906390000000000029e-01 -4.644399999999999917e-02
7.025780000000000358e-01 -4.353100000000000025e-02
7.154690000000000216e-01 -4.028799999999999742e-02
7.268700000000000161e-01 -3.733299999999999813e-02
7.373060000000000169e-01 -3.455799999999999844e-02
7.483880000000000532e-01 -3.154099999999999959e-02
7.585819999999999785e-01 -2.871200000000000141e-02
7.693280000000000118e-01 -2.567900000000000044e-02
7.814780000000000060e-01 -2.220300000000000051e-02
7.918669999999999876e-01 -1.920399999999999885e-02
8.014010000000000300e-01 -1.646600000000000147e-02
8.114160000000000261e-01 -1.366700000000000033e-02
8.206050000000000288e-01 -1.121300000000000074e-02
8.302289999999999948e-01 -8.795999999999999999e-03
8.390440000000000120e-01 -6.741999999999999729e-03
8.482610000000000428e-01 -4.771000000000000067e-03
8.585679999999999978e-01 -2.797000000000000007e-03
8.673469999999999791e-01 -1.312000000000000015e-03
8.752459999999999685e-01 -1.310000000000000129e-04
8.835800000000000320e-01 9.560000000000000355e-04
8.910219999999999807e-01 1.786000000000000044e-03
8.988960000000000283e-01 2.523000000000000069e-03
9.072750000000000536e-01 3.128999999999999837e-03
9.148220000000000240e-01 3.527000000000000187e-03
9.210409999999999986e-01 3.762000000000000153e-03
9.280709999999999793e-01 3.924999999999999670e-03
9.337910000000000377e-01 3.980000000000000031e-03
9.405120000000000147e-01 3.955000000000000182e-03
9.466250000000000497e-01 3.848999999999999991e-03
9.517160000000000064e-01 3.700999999999999863e-03
9.571450000000000236e-01 3.481000000000000153e-03
9.627130000000000409e-01 3.191999999999999959e-03
9.674779999999999491e-01 2.893000000000000172e-03
9.714669999999999694e-01 2.605999999999999810e-03
9.756439999999999557e-01 2.269999999999999882e-03
9.798200000000000243e-01 1.900999999999999912e-03
9.833790000000000031e-01 1.557000000000000007e-03
9.867489999999999872e-01 1.211000000000000054e-03
9.896770000000000289e-01 8.919999999999999978e-04
9.922130000000000116e-01 6.040000000000000447e-04
9.948939999999999451e-01 2.860000000000000129e-04
9.968939999999999468e-01 3.899999999999999929e-05
9.985889999999999489e-01 -1.749999999999999982e-04
1.000000000000000000e+00 -3.579999999999999741e-04
1.000000000000000000e+00 1.129999999999999955e-04
