1.000000000000000000e+00 8.500000000000000611e-05
1.000000000000000000e+00 4.310000000000000137e-04
9.986150000000000304e-01 8.409999999999999507e-04
9.969519999999999493e-01 1.327999999999999970e-03
9.946540000000000381e-01 1.988999999999999883e-03
9.923549999999999871e-01 2.639999999999999986e-03
9.898639999999999661e-01 3.334000000000000158e-03
9.869879999999999765e-01 4.122999999999999929e-03
9.836770000000000236e-01 5.016999999999999758e-03
9.801809999999999690e-01 5.943000000000000366e-03
9.760760000000000547e-01 7.009999999999999738e-03
9.719710000000000294e-01 8.054999999999999660e-03
9.671419999999999462e-01 9.256999999999999604e-03
9.623819999999999597e-01 1.041399999999999965e-02
9.578870000000000440e-01 1.148199999999999915e-02
9.522699999999999498e-01 1.278299999999999922e-02
9.464190000000000103e-01 1.409999999999999969e-02
9.399690000000000545e-01 1.550600000000000069e-02
9.348929999999999740e-01 1.657799999999999899e-02
9.278170000000000028e-01 1.802199999999999983e-02
9.210129999999999706e-01 1.935399999999999968e-02
9.146349999999999758e-01 2.055200000000000082e-02
9.073329999999999451e-01 2.185799999999999896e-02
8.987960000000000393e-01 2.331300000000000039e-02
8.909920000000000062e-01 2.457600000000000062e-02
8.835450000000000248e-01 2.570800000000000168e-02
8.752760000000000540e-01 2.687900000000000011e-02
8.673659999999999703e-01 2.791000000000000078e-02
8.586460000000000203e-01 2.894499999999999851e-02
8.483349999999999502e-01 3.003099999999999867e-02
8.391659999999999675e-01 3.087300000000000114e-02
8.303239999999999510e-01 3.157599999999999990e-02
8.207370000000000498e-01 3.222599999999999770e-02
8.115090000000000359e-01 3.275000000000000133e-02
8.015200000000000102e-01 3.322800000000000059e-02
7.899629999999999708e-01 3.370200000000000279e-02
7.793280000000000207e-01 3.411100000000000243e-02
7.696020000000000083e-01 3.447900000000000270e-02
7.585960000000000480e-01 3.489199999999999940e-02
7.485779999999999657e-01 3.526900000000000174e-02
7.372220000000000439e-01 3.570500000000000063e-02
7.269440000000000346e-01 3.611199999999999827e-02
7.147639999999999549e-01 3.661799999999999777e-02
7.024939999999999518e-01 3.716400000000000259e-02
6.920490000000000252e-01 3.766400000000000303e-02
6.797309999999999741e-01 3.830399999999999777e-02
6.691099999999999826e-01 3.890500000000000208e-02
6.565250000000000252e-01 3.967799999999999799e-02
6.431099999999999595e-01 4.056400000000000283e-02
6.329329999999999679e-01 4.127000000000000113e-02
6.193670000000000009e-01 4.223699999999999677e-02
6.065199999999999481e-01 4.316600000000000298e-02
5.953340000000000298e-01 4.397000000000000214e-02
5.822899999999999743e-01 4.488799999999999735e-02
5.710690000000000488e-01 4.564499999999999807e-02
5.578619999999999690e-01 4.648399999999999754e-02
5.466360000000000108e-01 4.714299999999999741e-02
5.333020000000000538e-01 4.786200000000000176e-02
5.193489999999999496e-01 4.855199999999999794e-02
5.086730000000000418e-01 4.904399999999999732e-02
4.947630000000000083e-01 4.964899999999999869e-02
4.813160000000000216e-01 5.020600000000000063e-02
4.702009999999999801e-01 5.065399999999999764e-02
4.567519999999999913e-01 5.118999999999999939e-02
4.457220000000000071e-01 5.163299999999999834e-02
4.323159999999999781e-01 5.217700000000000116e-02
4.186920000000000086e-01 5.272400000000000003e-02
4.080619999999999803e-01 5.312999999999999667e-02
3.945810000000000151e-01 5.360000000000000181e-02
3.840459999999999985e-01 5.391699999999999965e-02
3.707289999999999752e-01 5.423700000000000049e-02
3.576920000000000099e-01 5.444000000000000228e-02
3.471910000000000274e-01 5.450900000000000190e-02
3.343470000000000053e-01 5.446100000000000246e-02
3.215120000000000200e-01 5.425100000000000061e-02
3.114029999999999854e-01 5.397500000000000214e-02
2.988179999999999725e-01 5.350900000000000101e-02
2.889129999999999754e-01 5.305700000000000000e-02
2.766089999999999938e-01 5.240600000000000119e-02
2.644980000000000109e-01 5.168099999999999777e-02
2.549379999999999979e-01 5.105799999999999922e-02
2.431419999999999970e-01 5.023699999999999694e-02
2.315859999999999863e-01 4.938499999999999834e-02
2.223100000000000076e-01 4.867199999999999999e-02
2.112219999999999931e-01 4.779200000000000115e-02
2.022440000000000071e-01 4.705999999999999767e-02
1.915530000000000010e-01 4.617099999999999677e-02
1.808299999999999907e-01 4.526000000000000162e-02
1.726300000000000057e-01 4.454999999999999932e-02
1.623370000000000091e-01 4.363600000000000118e-02
1.544959999999999944e-01 4.291999999999999982e-02
1.446570000000000078e-01 4.199100000000000055e-02
1.353449999999999931e-01 4.107600000000000140e-02
1.278330000000000022e-01 4.030799999999999661e-02
1.190179999999999988e-01 3.937100000000000322e-02
1.102280000000000065e-01 3.839200000000000251e-02
1.036090000000000066e-01 3.762299999999999672e-02
9.534399999999999820e-02 3.661699999999999677e-02
8.915399999999999714e-02 3.582799999999999874e-02
8.143499999999999350e-02 3.479299999999999754e-02
7.423100000000000531e-02 3.377100000000000241e-02
6.853199999999999570e-02 3.291600000000000081e-02
6.189900000000000263e-02 3.186100000000000043e-02
5.666600000000000109e-02 3.097199999999999953e-02
5.061700000000000227e-02 2.987400000000000125e-02
4.475599999999999717e-02 2.871399999999999994e-02
4.041100000000000247e-02 2.778399999999999967e-02
3.516600000000000281e-02 2.654899999999999968e-02
3.032800000000000079e-02 2.527599999999999986e-02
2.669300000000000145e-02 2.420299999999999882e-02
2.247100000000000139e-02 2.279799999999999882e-02
1.935699999999999921e-02 2.160799999999999874e-02
1.576100000000000070e-02 2.002500000000000113e-02
1.257899999999999990e-02 1.835200000000000026e-02
1.022099999999999918e-02 1.688600000000000170e-02
7.697999999999999982e-03 1.500199999999999971e-02
5.866999999999999819e-03 1.334699999999999949e-02
4.000000000000000083e-03 1.125300000000000085e-02
2.413999999999999913e-03 8.932999999999999968e-03
1.495000000000000018e-03 7.151000000000000238e-03
6.030000000000000204e-04 4.702999999999999715e-03
1.279999999999999942e-04 2.312999999999999952e-03
-0.000000000000000000e+00 3.480000000000000020e-04
1.289999999999999914e-04 -1.595999999999999979e-03
6.040000000000000447e-04 -3.916000000000000210e-03
1.495000000000000018e-03 -6.235000000000000091e-03
2.410999999999999949e-03 -7.886999999999999914e-03
3.989000000000000358e-03 -9.986999999999999350e-03
5.845000000000000369e-03 -1.183000000000000024e-02
7.662000000000000408e-03 -1.324700000000000009e-02
1.016700000000000069e-02 -1.481000000000000025e-02
1.250700000000000076e-02 -1.598300000000000068e-02
1.566400000000000084e-02 -1.727000000000000063e-02
1.923199999999999910e-02 -1.842699999999999894e-02
2.232500000000000109e-02 -1.925299999999999928e-02
2.652099999999999944e-02 -2.017199999999999896e-02
3.110900000000000123e-02 -2.099200000000000024e-02
3.495299999999999796e-02 -2.156599999999999837e-02
4.018000000000000044e-02 -2.223199999999999829e-02
4.451299999999999701e-02 -2.270600000000000049e-02
5.036299999999999805e-02 -2.327500000000000055e-02
5.640400000000000275e-02 -2.379900000000000071e-02
6.163099999999999828e-02 -2.422500000000000001e-02
6.826100000000000223e-02 -2.474399999999999863e-02
7.541399999999999493e-02 -2.530299999999999910e-02
8.115899999999999503e-02 -2.575900000000000065e-02
8.887799999999999867e-02 -2.640100000000000086e-02
9.506799999999999973e-02 -2.694500000000000020e-02
1.033319999999999933e-01 -2.772700000000000164e-02
1.116309999999999941e-01 -2.858199999999999977e-02
1.187420000000000003e-01 -2.937700000000000033e-02
1.275580000000000047e-01 -3.044699999999999837e-02
1.350699999999999956e-01 -3.143599999999999867e-02
1.443820000000000103e-01 -3.275900000000000339e-02
1.542209999999999970e-01 -3.427199999999999691e-02
1.620610000000000106e-01 -3.555400000000000227e-02
1.723530000000000062e-01 -3.731899999999999801e-02
1.826180000000000025e-01 -3.913500000000000312e-02
1.912739999999999996e-01 -4.066399999999999876e-02
2.019630000000000036e-01 -4.247200000000000281e-02
2.109389999999999876e-01 -4.383800000000000197e-02
2.221200000000000119e-01 -4.522600000000000231e-02
2.335710000000000008e-01 -4.626000000000000251e-02
2.428530000000000133e-01 -4.681500000000000244e-02
2.546470000000000122e-01 -4.717299999999999965e-02
2.642039999999999944e-01 -4.719500000000000084e-02
2.763120000000000021e-01 -4.691300000000000331e-02
2.886139999999999817e-01 -4.632100000000000106e-02
2.985169999999999768e-01 -4.567000000000000226e-02
3.111010000000000164e-01 -4.468199999999999950e-02
3.237180000000000057e-01 -4.360900000000000193e-02
3.340420000000000056e-01 -4.273699999999999721e-02
3.468829999999999969e-01 -4.173700000000000326e-02
3.573810000000000042e-01 -4.099499999999999672e-02
3.704120000000000190e-01 -4.017400000000000138e-02
3.837189999999999768e-01 -3.945400000000000296e-02
3.942410000000000081e-01 -3.897300000000000070e-02
4.077020000000000088e-01 -3.848200000000000232e-02
4.209959999999999813e-01 -3.814000000000000029e-02
4.318980000000000041e-01 -3.797500000000000181e-02
4.452599999999999891e-01 -3.792000000000000232e-02
4.562470000000000137e-01 -3.800400000000000306e-02
4.696339999999999959e-01 -3.823000000000000009e-02
4.834019999999999984e-01 -3.857200000000000212e-02
4.940599999999999992e-01 -3.888400000000000190e-02
5.078799999999999981e-01 -3.932000000000000078e-02
5.212059999999999471e-01 -3.973200000000000343e-02
5.323320000000000274e-01 -4.004900000000000126e-02
5.455640000000000489e-01 -4.035400000000000098e-02
5.567020000000000302e-01 -4.052900000000000252e-02
5.698039999999999772e-01 -4.061100000000000126e-02
5.834570000000000034e-01 -4.055799999999999683e-02
5.938750000000000417e-01 -4.042300000000000060e-02
6.074509999999999632e-01 -4.012899999999999801e-02
6.203840000000000465e-01 -3.972500000000000336e-02
6.311890000000000001e-01 -3.929799999999999960e-02
6.441249999999999476e-01 -3.867899999999999811e-02
6.569869999999999877e-01 -3.795099999999999862e-02
6.677840000000000442e-01 -3.725300000000000139e-02
6.799929999999999586e-01 -3.636299999999999949e-02
6.906390000000000029e-01 -3.547000000000000153e-02
7.025780000000000358e-01 -3.430799999999999822e-02
7.154690000000000216e-01 -3.283099999999999907e-02
7.268700000000000161e-01 -3.130999999999999756e-02
7.373060000000000169e-01 -2.973400000000000001e-02
7.483880000000000532e-01 -2.786299999999999888e-02
7.585819999999999785e-01 -2.596499999999999850e-02
7.693280000000000118e-01 -2.378500000000000059e-02
7.814780000000000060e-01 -2.110799999999999829e-02
7.918669999999999876e-01 -1.865199999999999844e-02
8.014010000000000300e-01 -1.630500000000000005e-02
8.114160000000000261e-01 -1.381699999999999942e-02
8.206050000000000288e-01 -1.157200000000000069e-02
8.302289999999999948e-01 -9.306000000000000036e-03
8.390440000000000120e-01 -7.341000000000000303e-03
8.482610000000000428e-01 -5.419000000000000206e-03
8.585679999999999978e-01 -3.455000000000000172e-03
8.673469999999999791e-01 -1.948000000000000079e-03
8.752459999999999685e-01 -7.290000000000000473e-04
8.835800000000000320e-01 4.130000000000000099e-04
8.910219999999999807e-01 1.304999999999999953e-03
8.988960000000000283e-01 2.112999999999999861e-03
9.072750000000000536e-01 2.804000000000000069e-03
9.148220000000000240e-01 3.282000000000000195e-03
9.210409999999999986e-01 3.582000000000000114e-03
9.280709999999999793e-01 3.817000000000000080e-03
9.337910000000000377e-01 3.926999999999999935e-03
9.405120000000000147e-01 3.962000000000000244e-03
9.466250000000000497e-01 3.903999999999999918e-03
9.517160000000000064e-01 3.791000000000000099e-03
9.571450000000000236e-01 3.602999999999999866e-03
9.627130000000000409e-01 3.338999999999999954e-03
9.674779999999999491e-01 3.054999999999999990e-03
9.714669999999999694e-01 2.776999999999999955e-03
9.756439999999999557e-01 2.445999999999999824e-03
9.798200000000000243e-01 2.075000000000000022e-03
9.833790000000000031e-01 1.727000000000000019e-03
9.867489999999999872e-01 1.373000000000000088e-03
9.896770000000000289e-01 1.044000000000000006e-03
9.922130000000000116e-01 7.450000000000000025e-04
9.948939999999999451e-01 4.130000000000000099e-04
9.968939999999999468e-01 1.550000000000000000e-04
9.985889999999999489e-01 -6.999999999999999387e-05
1.000000000000000000e+00 -2.620000000000000258e-04
1.000000000000000000e+00 8.500000000000000611e-05
