1.000000000000000000e+00 -1.699999999999999987e-05
1.000000000000000000e+00 4.560000000000000251e-04
9.986150000000000304e-01 7.500000000000000156e-04
9.969519999999999493e-01 1.095000000000000053e-03
9.946540000000000381e-01 1.557999999999999923e-03
9.923549999999999871e-01 2.007999999999999802e-03
9.898639999999999661e-01 2.484000000000000097e-03
9.869879999999999765e-01 3.020999999999999814e-03
9.836770000000000236e-01 3.625000000000000184e-03
9.801809999999999690e-01 4.250000000000000305e-03
9.760760000000000547e-01 4.968000000000000194e-03
9.719710000000000294e-01 5.673000000000000091e-03
9.671419999999999462e-01 6.487999999999999844e-03
9.623819999999999597e-01 7.280000000000000013e-03
9.578870000000000440e-01 8.019999999999999352e-03
9.522699999999999498e-01 8.935000000000000234e-03
9.464190000000000103e-01 9.880999999999999159e-03
9.399690000000000545e-01 1.091699999999999962e-02
9.348929999999999740e-01 1.173100000000000011e-02
9.278170000000000028e-01 1.286200000000000017e-02
9.210129999999999706e-01 1.394899999999999959e-02
9.146349999999999758e-01 1.497000000000000067e-02
9.073329999999999451e-01 1.613900000000000057e-02
8.987960000000000393e-01 1.752700000000000091e-02
8.909920000000000062e-01 1.882299999999999945e-02
8.835450000000000248e-01 2.007199999999999956e-02
8.752760000000000540e-01 2.147100000000000050e-02
8.673659999999999703e-01 2.282100000000000101e-02
8.586460000000000203e-01 2.432399999999999840e-02
8.483349999999999502e-01 2.612099999999999839e-02
8.391659999999999675e-01 2.773499999999999924e-02
8.303239999999999510e-01 2.930100000000000066e-02
8.207370000000000498e-01 3.100299999999999931e-02
8.115090000000000359e-01 3.263499999999999734e-02
8.015200000000000102e-01 3.437799999999999884e-02
7.899629999999999708e-01 3.633299999999999724e-02
7.793280000000000207e-01 3.804300000000000043e-02
7.696020000000000083e-01 3.952100000000000057e-02
7.585960000000000480e-01 4.109800000000000259e-02
7.485779999999999657e-01 4.245100000000000262e-02
7.372220000000000439e-01 4.389500000000000346e-02
7.269440000000000346e-01 4.512599999999999945e-02
7.147639999999999549e-01 4.650499999999999773e-02
7.024939999999999518e-01 4.782600000000000046e-02
6.920490000000000252e-01 4.891000000000000208e-02
6.797309999999999741e-01 5.016299999999999926e-02
6.691099999999999826e-01 5.123599999999999682e-02
6.565250000000000252e-01 5.251800000000000218e-02
6.431099999999999595e-01 5.388400000000000134e-02
6.329329999999999679e-01 5.491000000000000048e-02
6.193670000000000009e-01 5.624200000000000033e-02
6.065199999999999481e-01 5.744699999999999807e-02
5.953340000000000298e-01 5.843399999999999983e-02
5.822899999999999743e-01 5.949700000000000127e-02
5.710690000000000488e-01 6.031899999999999762e-02
5.578619999999999690e-01 6.115899999999999809e-02
5.466360000000000108e-01 6.175499999999999740e-02
5.333020000000000538e-01 6.233000000000000346e-02
5.193489999999999496e-01 6.279800000000000659e-02
5.086730000000000418e-01 6.307799999999999518e-02
4.947630000000000083e-01 6.336300000000000265e-02
4.813160000000000216e-01 6.357200000000000351e-02
4.702009999999999801e-01 6.371200000000000474e-02
4.567519999999999913e-01 6.385799999999999810e-02
4.457220000000000071e-01 6.397500000000000409e-02
4.323159999999999781e-01 6.412400000000000044e-02
4.186920000000000086e-01 6.426800000000000568e-02
4.080619999999999803e-01 6.435599999999999654e-02
3.945810000000000151e-01 6.441600000000000104e-02
3.840459999999999985e-01 6.440500000000000391e-02
3.707289999999999752e-01 6.429700000000000693e-02
3.576920000000000099e-01 6.406599999999999795e-02
3.471910000000000274e-01 6.377199999999999536e-02
3.343470000000000053e-01 6.326500000000000179e-02
3.215120000000000200e-01 6.257999999999999674e-02
3.114029999999999854e-01 6.192799999999999694e-02
2.988179999999999725e-01 6.100200000000000067e-02
2.889129999999999754e-01 6.020299999999999957e-02
2.766089999999999938e-01 5.914599999999999719e-02
2.644980000000000109e-01 5.805199999999999944e-02
2.549379999999999979e-01 5.716299999999999853e-02
2.431419999999999970e-01 5.604200000000000154e-02
2.315859999999999863e-01 5.492600000000000260e-02
2.223100000000000076e-01 5.402099999999999957e-02
2.112219999999999931e-01 5.292899999999999688e-02
2.022440000000000071e-01 5.203499999999999792e-02
1.915530000000000010e-01 5.094599999999999823e-02
1.808299999999999907e-01 4.981499999999999817e-02
1.726300000000000057e-01 4.891700000000000215e-02
1.623370000000000091e-01 4.773700000000000165e-02
1.544959999999999944e-01 4.679400000000000226e-02
1.446570000000000078e-01 4.555000000000000021e-02
1.353449999999999931e-01 4.430300000000000210e-02
1.278330000000000022e-01 4.324399999999999772e-02
1.190179999999999988e-01 4.193399999999999905e-02
1.102280000000000065e-01 4.054900000000000171e-02
1.036090000000000066e-01 3.944899999999999796e-02
9.534399999999999820e-02 3.799999999999999906e-02
8.915399999999999714e-02 3.685499999999999887e-02
8.143499999999999350e-02 3.534500000000000142e-02
7.423100000000000531e-02 3.384899999999999715e-02
6.853199999999999570e-02 3.259599999999999997e-02
6.189900000000000263e-02 3.105399999999999827e-02
5.666600000000000109e-02 2.976499999999999979e-02
5.061700000000000227e-02 2.818700000000000025e-02
4.475599999999999717e-02 2.655100000000000168e-02
4.041100000000000247e-02 2.526400000000000173e-02
3.516600000000000281e-02 2.360399999999999998e-02
3.032800000000000079e-02 2.195599999999999982e-02
2.669300000000000145e-02 2.062200000000000144e-02
2.247100000000000139e-02 1.895000000000000157e-02
1.935699999999999921e-02 1.760600000000000012e-02
1.576100000000000070e-02 1.591100000000000153e-02
1.257899999999999990e-02 1.422999999999999959e-02
1.022099999999999918e-02 1.284000000000000072e-02
7.697999999999999982e-03 1.115099999999999945e-02
5.866999999999999819e-03 9.745000000000000190e-03
4.000000000000000083e-03 8.049999999999999864e-03
2.413999999999999913e-03 6.257999999999999674e-03
1.495000000000000018e-03 4.923000000000000292e-03
6.030000000000000204e-04 3.128000000000000138e-03
1.279999999999999942e-04 1.391000000000000092e-03
-0.000000000000000000e+00 -4.300000000000000165e-05
1.289999999999999914e-04 -1.487999999999999956e-03
6.040000000000000447e-04 -3.266999999999999939e-03
1.495000000000000018e-03 -5.141999999999999869e-03
2.410999999999999949e-03 -6.560999999999999992e-03
3.989000000000000358e-03 -8.501999999999999141e-03
5.845000000000000369e-03 -1.037500000000000054e-02
7.662000000000000408e-03 -1.196000000000000014e-02
1.016700000000000069e-02 -1.389899999999999990e-02
1.250700000000000076e-02 -1.552599999999999987e-02
1.566400000000000084e-02 -1.752899999999999944e-02
1.923199999999999910e-02 -1.958999999999999977e-02
2.232500000000000109e-02 -2.124799999999999953e-02
2.652099999999999944e-02 -2.333599999999999910e-02
3.110900000000000123e-02 -2.545599999999999946e-02
3.495299999999999796e-02 -2.711799999999999974e-02
4.018000000000000044e-02 -2.924300000000000163e-02
4.451299999999999701e-02 -3.089599999999999985e-02
5.036299999999999805e-02 -3.300000000000000155e-02
5.640400000000000275e-02 -3.502999999999999864e-02
6.163099999999999828e-02 -3.668799999999999839e-02
6.826100000000000223e-02 -3.866699999999999998e-02
7.541399999999999493e-02 -4.066700000000000176e-02
8.115899999999999503e-02 -4.217699999999999921e-02
8.887799999999999867e-02 -4.408800000000000219e-02
9.506799999999999973e-02 -4.552599999999999703e-02
1.033319999999999933e-01 -4.732800000000000201e-02
1.116309999999999941e-01 -4.900800000000000295e-02
1.187420000000000003e-01 -5.035099999999999992e-02
1.275580000000000047e-01 -5.189599999999999769e-02
1.350699999999999956e-01 -5.311500000000000249e-02
1.443820000000000103e-01 -5.450800000000000090e-02
1.542209999999999970e-01 -5.584999999999999687e-02
1.620610000000000106e-01 -5.683099999999999957e-02
1.723530000000000062e-01 -5.801699999999999913e-02
1.826180000000000025e-01 -5.910300000000000276e-02
1.912739999999999996e-01 -5.996599999999999847e-02
2.019630000000000036e-01 -6.099799999999999667e-02
2.109389999999999876e-01 -6.187000000000000138e-02
2.221200000000000119e-01 -6.300999999999999657e-02
2.335710000000000008e-01 -6.424399999999999555e-02
2.428530000000000133e-01 -6.528299999999999381e-02
2.546470000000000122e-01 -6.662999999999999479e-02
2.642039999999999944e-01 -6.772300000000000542e-02
2.763120000000000021e-01 -6.907099999999999351e-02
2.886139999999999817e-01 -7.034200000000000175e-02
2.985169999999999768e-01 -7.124700000000000477e-02
3.111010000000000164e-01 -7.216799999999999604e-02
3.237180000000000057e-01 -7.275700000000000223e-02
3.340420000000000056e-01 -7.291699999999999571e-02
3.468829999999999969e-01 -7.267400000000000249e-02
3.573810000000000042e-01 -7.213700000000000667e-02
3.704120000000000190e-01 -7.111000000000000654e-02
3.837189999999999768e-01 -6.971600000000000019e-02
3.942410000000000081e-01 -6.841899999999999371e-02
4.077020000000000088e-01 -6.658100000000000129e-02
4.209959999999999813e-01 -6.464999999999999913e-02
4.318980000000000041e-01 -6.304300000000000181e-02
4.452599999999999891e-01 -6.111799999999999872e-02
4.562470000000000137e-01 -5.962699999999999945e-02
4.696339999999999959e-01 -5.793000000000000232e-02
4.834019999999999984e-01 -5.633300000000000113e-02
4.940599999999999992e-01 -5.519700000000000301e-02
5.078799999999999981e-01 -5.386900000000000022e-02
5.212059999999999471e-01 -5.273699999999999916e-02
5.323320000000000274e-01 -5.191500000000000281e-02
5.455640000000000489e-01 -5.107600000000000334e-02
5.567020000000000302e-01 -5.049599999999999922e-02
5.698039999999999772e-01 -4.994099999999999928e-02
5.834570000000000034e-01 -4.945999999999999702e-02
5.938750000000000417e-01 -4.911399999999999794e-02
6.074509999999999632e-01 -4.863699999999999968e-02
6.203840000000000465e-01 -4.809299999999999686e-02
6.311890000000000001e-01 -4.753000000000000280e-02
6.441249999999999476e-01 -4.667099999999999721e-02
6.569869999999999877e-01 -4.556500000000000133e-02
6.677840000000000442e-01 -4.439900000000000097e-02
6.799929999999999586e-01 -4.279499999999999971e-02
6.906390000000000029e-01 -4.117599999999999733e-02
7.025780000000000358e-01 -3.916200000000000236e-02
7.154690000000000216e-01 -3.680900000000000144e-02
7.268700000000000161e-01 -3.462200000000000000e-02
7.373060000000000169e-01 -3.257399999999999879e-02
7.483880000000000532e-01 -3.038400000000000128e-02
7.585819999999999785e-01 -2.838299999999999851e-02
7.693280000000000118e-01 -2.631400000000000058e-02
7.814780000000000060e-01 -2.405200000000000046e-02
7.918669999999999876e-01 -2.219899999999999998e-02
8.014010000000000300e-01 -2.057000000000000148e-02
8.114160000000000261e-01 -1.892100000000000032e-02
8.206050000000000288e-01 -1.745899999999999883e-02
8.302289999999999948e-01 -1.597399999999999862e-02
8.390440000000000120e-01 -1.465499999999999962e-02
8.482610000000000428e-01 -1.331399999999999945e-02
8.585679999999999978e-01 -1.186500000000000055e-02
8.673469999999999791e-01 -1.067300000000000020e-02
8.752459999999999685e-01 -9.636000000000000468e-03
8.835800000000000320e-01 -8.578999999999999820e-03
8.910219999999999807e-01 -7.672000000000000000e-03
8.988960000000000283e-01 -6.753000000000000322e-03
9.072750000000000536e-01 -5.843000000000000103e-03
9.148220000000000240e-01 -5.080999999999999579e-03
9.210409999999999986e-01 -4.484000000000000138e-03
9.280709999999999793e-01 -3.847999999999999858e-03
9.337910000000000377e-01 -3.363000000000000104e-03
9.405120000000000147e-01 -2.833000000000000015e-03
9.466250000000000497e-01 -2.390000000000000197e-03
9.517160000000000064e-01 -2.052000000000000005e-03
9.571450000000000236e-01 -1.724999999999999971e-03
9.627130000000000409e-01 -1.427000000000000100e-03
9.674779999999999491e-01 -1.203999999999999992e-03
9.714669999999999694e-01 -1.039999999999999909e-03
9.756439999999999557e-01 -8.919999999999999978e-04
9.798200000000000243e-01 -7.659999999999999708e-04
9.833790000000000031e-01 -6.790000000000000245e-04
9.867489999999999872e-01 -6.099999999999999737e-04
9.896770000000000289e-01 -5.630000000000000239e-04
9.922130000000000116e-01 -5.310000000000000050e-04
9.948939999999999451e-01 -5.069999999999999637e-04
9.968939999999999468e-01 -4.960000000000000216e-04
9.985889999999999489e-01 -4.899999999999999842e-04
1.000000000000000000e+00 -4.889999999999999599e-04
1.000000000000000000e+00 -1.699999999999999987e-05
