1.000000000000000000e+00 -4.399999999999999886e-05
1.000000000000000000e+00 4.279999999999999950e-04
9.986150000000000304e-01 6.809999999999999647e-04
9.969519999999999493e-01 9.749999999999999552e-04
9.946540000000000381e-01 1.364999999999999894e-03
9.923549999999999871e-01 1.740999999999999926e-03
9.898639999999999661e-01 2.134000000000000046e-03
9.869879999999999765e-01 2.576000000000000165e-03
9.836770000000000236e-01 3.069999999999999812e-03
9.801809999999999690e-01 3.580999999999999982e-03
9.760760000000000547e-01 4.167999999999999830e-03
9.719710000000000294e-01 4.748999999999999749e-03
9.671419999999999462e-01 5.426000000000000267e-03
9.623819999999999597e-01 6.093000000000000325e-03
9.578870000000000440e-01 6.722999999999999809e-03
9.522699999999999498e-01 7.518999999999999642e-03
9.464190000000000103e-01 8.359000000000000111e-03
9.399690000000000545e-01 9.303999999999999770e-03
9.348929999999999740e-01 1.006300000000000076e-02
9.278170000000000028e-01 1.114700000000000066e-02
9.210129999999999706e-01 1.221999999999999996e-02
9.146349999999999758e-01 1.325499999999999942e-02
9.073329999999999451e-01 1.447500000000000002e-02
8.987960000000000393e-01 1.596600000000000102e-02
8.909920000000000062e-01 1.739699999999999927e-02
8.835450000000000248e-01 1.880899999999999933e-02
8.752760000000000540e-01 2.042800000000000171e-02
8.673659999999999703e-01 2.202199999999999991e-02
8.586460000000000203e-01 2.382400000000000143e-02
8.483349999999999502e-01 2.600299999999999834e-02
8.391659999999999675e-01 2.796699999999999880e-02
8.303239999999999510e-01 2.985700000000000159e-02
8.207370000000000498e-01 3.186800000000000049e-02
8.115090000000000359e-01 3.371799999999999797e-02
8.015200000000000102e-01 3.555900000000000033e-02
7.899629999999999708e-01 3.736400000000000138e-02
7.793280000000000207e-01 3.859800000000000036e-02
7.696020000000000083e-01 3.934200000000000197e-02
7.585960000000000480e-01 3.976400000000000073e-02
7.485779999999999657e-01 3.979400000000000298e-02
7.372220000000000439e-01 3.947300000000000114e-02
7.269440000000000346e-01 3.891499999999999820e-02
7.147639999999999549e-01 3.802699999999999830e-02
7.024939999999999518e-01 3.701499999999999929e-02
6.920490000000000252e-01 3.618199999999999888e-02
6.797309999999999741e-01 3.538800000000000279e-02
6.691099999999999826e-01 3.500099999999999739e-02
6.565250000000000252e-01 3.504299999999999776e-02
6.431099999999999595e-01 3.565499999999999919e-02
6.329329999999999679e-01 3.644499999999999823e-02
6.193670000000000009e-01 3.783799999999999664e-02
6.065199999999999481e-01 3.941999999999999671e-02
5.953340000000000298e-01 4.092300000000000104e-02
5.822899999999999743e-01 4.273199999999999915e-02
5.710690000000000488e-01 4.425599999999999673e-02
5.578619999999999690e-01 4.591699999999999948e-02
5.466360000000000108e-01 4.714999999999999747e-02
5.333020000000000538e-01 4.842699999999999783e-02
5.193489999999999496e-01 4.964500000000000163e-02
5.086730000000000418e-01 5.056000000000000077e-02
4.947630000000000083e-01 5.181899999999999701e-02
4.813160000000000216e-01 5.319999999999999729e-02
4.702009999999999801e-01 5.453500000000000014e-02
4.567519999999999913e-01 5.646400000000000030e-02
4.457220000000000071e-01 5.836899999999999727e-02
4.323159999999999781e-01 6.111799999999999872e-02
4.186920000000000086e-01 6.425200000000000355e-02
4.080619999999999803e-01 6.679000000000000214e-02
3.945810000000000151e-01 6.994899999999999729e-02
3.840459999999999985e-01 7.224099999999999966e-02
3.707289999999999752e-01 7.474100000000000188e-02
3.576920000000000099e-01 7.657400000000000317e-02
3.471910000000000274e-01 7.747500000000000220e-02
3.343470000000000053e-01 7.772199999999999942e-02
3.215120000000000200e-01 7.691099999999999326e-02
3.114029999999999854e-01 7.563100000000000378e-02
2.988179999999999725e-01 7.347099999999999465e-02
2.889129999999999754e-01 7.148300000000000487e-02
2.766089999999999938e-01 6.885199999999999654e-02
2.644980000000000109e-01 6.626799999999999358e-02
2.549379999999999979e-01 6.433999999999999442e-02
2.431419999999999970e-01 6.220300000000000135e-02
2.315859999999999863e-01 6.045699999999999685e-02
2.223100000000000076e-01 5.935300000000000298e-02
2.112219999999999931e-01 5.841999999999999971e-02
2.022440000000000071e-01 5.796599999999999669e-02
1.915530000000000010e-01 5.766500000000000098e-02
1.808299999999999907e-01 5.749599999999999850e-02
1.726300000000000057e-01 5.738499999999999851e-02
1.623370000000000091e-01 5.719699999999999784e-02
1.544959999999999944e-01 5.698099999999999693e-02
1.446570000000000078e-01 5.658200000000000035e-02
1.353449999999999931e-01 5.604599999999999860e-02
1.278330000000000022e-01 5.548399999999999860e-02
1.190179999999999988e-01 5.466300000000000325e-02
1.102280000000000065e-01 5.365600000000000230e-02
1.036090000000000066e-01 5.276499999999999940e-02
9.534399999999999820e-02 5.148199999999999998e-02
8.915399999999999714e-02 5.038999999999999729e-02
8.143499999999999350e-02 4.885899999999999965e-02
7.423100000000000531e-02 4.725200000000000233e-02
6.853199999999999570e-02 4.584699999999999886e-02
6.189900000000000263e-02 4.405300000000000188e-02
5.666600000000000109e-02 4.250400000000000011e-02
5.061700000000000227e-02 4.055700000000000277e-02
4.475599999999999717e-02 3.848399999999999738e-02
4.041100000000000247e-02 3.681999999999999856e-02
3.516600000000000281e-02 3.463299999999999712e-02
3.032800000000000079e-02 3.242099999999999843e-02
2.669300000000000145e-02 3.060300000000000173e-02
2.247100000000000139e-02 2.829399999999999971e-02
1.935699999999999921e-02 2.641200000000000145e-02
1.576100000000000070e-02 2.401100000000000109e-02
1.257899999999999990e-02 2.159900000000000014e-02
1.022099999999999918e-02 1.958199999999999871e-02
7.697999999999999982e-03 1.710800000000000168e-02
5.866999999999999819e-03 1.502999999999999996e-02
4.000000000000000083e-03 1.250500000000000049e-02
2.413999999999999913e-03 9.818000000000000338e-03
1.495000000000000018e-03 7.810000000000000102e-03
6.030000000000000204e-04 5.107000000000000428e-03
1.279999999999999942e-04 2.498999999999999919e-03
-0.000000000000000000e+00 3.550000000000000096e-04
1.289999999999999914e-04 -1.788000000000000093e-03
6.040000000000000447e-04 -4.396999999999999867e-03
1.495000000000000018e-03 -7.104000000000000072e-03
2.410999999999999949e-03 -9.119999999999999635e-03
3.989000000000000358e-03 -1.182799999999999997e-02
5.845000000000000369e-03 -1.438799999999999975e-02
7.662000000000000408e-03 -1.651199999999999890e-02
1.016700000000000069e-02 -1.906100000000000155e-02
1.250700000000000076e-02 -2.116200000000000025e-02
1.566400000000000084e-02 -2.370299999999999838e-02
1.923199999999999910e-02 -2.627000000000000168e-02
2.232500000000000109e-02 -2.830699999999999883e-02
2.652099999999999944e-02 -3.083899999999999836e-02
3.110900000000000123e-02 -3.337999999999999995e-02
3.495299999999999796e-02 -3.535300000000000248e-02
4.018000000000000044e-02 -3.785999999999999782e-02
4.451299999999999701e-02 -3.980100000000000304e-02
5.036299999999999805e-02 -4.226599999999999802e-02
5.640400000000000275e-02 -4.464400000000000313e-02
6.163099999999999828e-02 -4.659200000000000147e-02
6.826100000000000223e-02 -4.892900000000000027e-02
7.541399999999999493e-02 -5.131299999999999750e-02
8.115899999999999503e-02 -5.313400000000000067e-02
8.887799999999999867e-02 -5.547099999999999947e-02
9.506799999999999973e-02 -5.726099999999999940e-02
1.033319999999999933e-01 -5.955200000000000077e-02
1.116309999999999941e-01 -6.174600000000000227e-02
1.187420000000000003e-01 -6.355099999999999638e-02
1.275580000000000047e-01 -6.569500000000000339e-02
1.350699999999999956e-01 -6.744699999999999307e-02
1.443820000000000103e-01 -6.952500000000000346e-02
1.542209999999999970e-01 -7.161399999999999710e-02
1.620610000000000106e-01 -7.320100000000000218e-02
1.723530000000000062e-01 -7.517799999999999483e-02
1.826180000000000025e-01 -7.702499999999999625e-02
1.912739999999999996e-01 -7.848199999999999621e-02
2.019630000000000036e-01 -8.014899999999999802e-02
2.109389999999999876e-01 -8.143100000000000338e-02
2.221200000000000119e-01 -8.287700000000000622e-02
2.335710000000000008e-01 -8.419300000000000395e-02
2.428530000000000133e-01 -8.514499999999999846e-02
2.546470000000000122e-01 -8.621900000000000397e-02
2.642039999999999944e-01 -8.698599999999999388e-02
2.763120000000000021e-01 -8.784100000000000241e-02
2.886139999999999817e-01 -8.858699999999999908e-02
2.985169999999999768e-01 -8.911099999999999577e-02
3.111010000000000164e-01 -8.968700000000000283e-02
3.237180000000000057e-01 -9.018099999999999727e-02
3.340420000000000056e-01 -9.052499999999999436e-02
3.468829999999999969e-01 -9.088499999999999357e-02
3.573810000000000042e-01 -9.109899999999999942e-02
3.704120000000000190e-01 -9.124699999999999478e-02
3.837189999999999768e-01 -9.123399999999999566e-02
3.942410000000000081e-01 -9.109399999999999442e-02
4.077020000000000088e-01 -9.073399999999999521e-02
4.209959999999999813e-01 -9.016499999999999515e-02
4.318980000000000041e-01 -8.953700000000000547e-02
4.452599999999999891e-01 -8.855399999999999383e-02
4.562470000000000137e-01 -8.757399999999999907e-02
4.696339999999999959e-01 -8.617600000000000260e-02
4.834019999999999984e-01 -8.453499999999999903e-02
4.940599999999999992e-01 -8.312999999999999556e-02
5.078799999999999981e-01 -8.116400000000000003e-02
5.212059999999999471e-01 -7.912399999999999989e-02
5.323320000000000274e-01 -7.733700000000000296e-02
5.455640000000000489e-01 -7.512000000000000621e-02
5.567020000000000302e-01 -7.319599999999999718e-02
5.698039999999999772e-01 -7.087300000000000544e-02
5.834570000000000034e-01 -6.839099999999999346e-02
5.938750000000000417e-01 -6.645099999999999618e-02
6.074509999999999632e-01 -6.386500000000000510e-02
6.203840000000000465e-01 -6.133600000000000163e-02
6.311890000000000001e-01 -5.917100000000000137e-02
6.441249999999999476e-01 -5.651300000000000073e-02
6.569869999999999877e-01 -5.379300000000000054e-02
6.677840000000000442e-01 -5.144599999999999868e-02
6.799929999999999586e-01 -4.872100000000000042e-02
6.906390000000000029e-01 -4.629599999999999688e-02
7.025780000000000358e-01 -4.354399999999999937e-02
7.154690000000000216e-01 -4.055700000000000277e-02
7.268700000000000161e-01 -3.792299999999999838e-02
7.373060000000000169e-01 -3.553699999999999914e-02
7.483880000000000532e-01 -3.304399999999999699e-02
7.585819999999999785e-01 -3.080300000000000052e-02
7.693280000000000118e-01 -2.851000000000000062e-02
7.814780000000000060e-01 -2.601799999999999946e-02
7.918669999999999876e-01 -2.398600000000000038e-02
8.014010000000000300e-01 -2.220600000000000004e-02
8.114160000000000261e-01 -2.041099999999999859e-02
8.206050000000000288e-01 -1.882999999999999952e-02
8.302289999999999948e-01 -1.723399999999999932e-02
8.390440000000000120e-01 -1.582599999999999979e-02
8.482610000000000428e-01 -1.440800000000000067e-02
8.585679999999999978e-01 -1.288800000000000015e-02
8.673469999999999791e-01 -1.164899999999999963e-02
8.752459999999999685e-01 -1.057800000000000060e-02
8.835800000000000320e-01 -9.494999999999999968e-03
8.910219999999999807e-01 -8.569999999999999493e-03
8.988960000000000283e-01 -7.637999999999999824e-03
9.072750000000000536e-01 -6.716999999999999880e-03
9.148220000000000240e-01 -5.943999999999999631e-03
9.210409999999999986e-01 -5.337999999999999863e-03
9.280709999999999793e-01 -4.688999999999999592e-03
9.337910000000000377e-01 -4.189000000000000015e-03
9.405120000000000147e-01 -3.635999999999999909e-03
9.466250000000000497e-01 -3.164999999999999845e-03
9.517160000000000064e-01 -2.798000000000000140e-03
9.571450000000000236e-01 -2.432999999999999833e-03
9.627130000000000409e-01 -2.086000000000000180e-03
9.674779999999999491e-01 -1.814000000000000074e-03
9.714669999999999694e-01 -1.601999999999999908e-03
9.756439999999999557e-01 -1.397999999999999937e-03
9.798200000000000243e-01 -1.208000000000000089e-03
9.833790000000000031e-01 -1.059999999999999961e-03
9.867489999999999872e-01 -9.300000000000000541e-04
9.896770000000000289e-01 -8.249999999999999955e-04
9.922130000000000116e-01 -7.399999999999999894e-04
9.948939999999999451e-01 -6.560000000000000076e-04
9.968939999999999468e-01 -5.980000000000000072e-04
9.985889999999999489e-01 -5.509999999999999490e-04
1.000000000000000000e+00 -5.150000000000000498e-04
1.000000000000000000e+00 -4.399999999999999886e-05
