1.000000000000000000e+00 -1.599999999999999928e-05
1.000000000000000000e+00 4.569999999999999952e-04
9.986150000000000304e-01 7.519999999999999558e-04
9.969519999999999493e-01 1.098000000000000018e-03
9.946540000000000381e-01 1.562000000000000020e-03
9.923549999999999871e-01 2.014000000000000165e-03
9.898639999999999661e-01 2.491999999999999858e-03
9.869879999999999765e-01 3.030999999999999840e-03
9.836770000000000236e-01 3.638000000000000175e-03
9.801809999999999690e-01 4.266999999999999960e-03
9.760760000000000547e-01 4.990999999999999777e-03
9.719710000000000294e-01 5.702999999999999736e-03
9.671419999999999462e-01 6.526999999999999816e-03
9.623819999999999597e-01 7.329999999999999710e-03
9.578870000000000440e-01 8.080999999999999642e-03
9.522699999999999498e-01 9.011999999999999178e-03
9.464190000000000103e-01 9.976999999999999758e-03
9.399690000000000545e-01 1.103699999999999994e-02
9.348929999999999740e-01 1.187099999999999961e-02
9.278170000000000028e-01 1.303499999999999971e-02
9.210129999999999706e-01 1.415600000000000018e-02
9.146349999999999758e-01 1.521199999999999983e-02
9.073329999999999451e-01 1.642499999999999863e-02
8.987960000000000393e-01 1.787000000000000047e-02
8.909920000000000062e-01 1.922300000000000050e-02
8.835450000000000248e-01 2.052899999999999864e-02
8.752760000000000540e-01 2.199699999999999919e-02
8.673659999999999703e-01 2.341700000000000031e-02
8.586460000000000203e-01 2.500199999999999992e-02
8.483349999999999502e-01 2.689899999999999930e-02
8.391659999999999675e-01 2.860499999999999848e-02
8.303239999999999510e-01 3.026099999999999970e-02
8.207370000000000498e-01 3.205800000000000316e-02
8.115090000000000359e-01 3.377399999999999847e-02
8.015200000000000102e-01 3.559699999999999670e-02
7.899629999999999708e-01 3.762299999999999672e-02
7.793280000000000207e-01 3.936499999999999722e-02
7.696020000000000083e-01 4.084299999999999736e-02
7.585960000000000480e-01 4.238499999999999907e-02
7.485779999999999657e-01 4.366899999999999948e-02
7.372220000000000439e-01 4.499500000000000027e-02
7.269440000000000346e-01 4.608299999999999896e-02
7.147639999999999549e-01 4.724699999999999733e-02
7.024939999999999518e-01 4.830299999999999871e-02
6.920490000000000252e-01 4.912799999999999806e-02
6.797309999999999741e-01 5.003799999999999915e-02
6.691099999999999826e-01 5.078900000000000081e-02
6.565250000000000252e-01 5.166599999999999665e-02
6.431099999999999595e-01 5.258899999999999686e-02
6.329329999999999679e-01 5.328100000000000197e-02
6.193670000000000009e-01 5.418300000000000199e-02
6.065199999999999481e-01 5.501700000000000340e-02
5.953340000000000298e-01 5.572200000000000070e-02
5.822899999999999743e-01 5.651599999999999679e-02
5.710690000000000488e-01 5.717099999999999960e-02
5.578619999999999690e-01 5.790800000000000114e-02
5.466360000000000108e-01 5.850500000000000145e-02
5.333020000000000538e-01 5.917100000000000137e-02
5.193489999999999496e-01 5.981500000000000011e-02
5.086730000000000418e-01 6.026399999999999813e-02
4.947630000000000083e-01 6.078800000000000175e-02
4.813160000000000216e-01 6.122199999999999864e-02
4.702009999999999801e-01 6.152300000000000130e-02
4.567519999999999913e-01 6.180900000000000283e-02
4.457220000000000071e-01 6.197899999999999937e-02
4.323159999999999781e-01 6.209800000000000042e-02
4.186920000000000086e-01 6.212499999999999967e-02
4.080619999999999803e-01 6.208000000000000324e-02
3.945810000000000151e-01 6.194199999999999706e-02
3.840459999999999985e-01 6.177200000000000052e-02
3.707289999999999752e-01 6.147600000000000287e-02
3.576920000000000099e-01 6.110199999999999659e-02
3.471910000000000274e-01 6.073800000000000032e-02
3.343470000000000053e-01 6.021800000000000069e-02
3.215120000000000200e-01 5.961600000000000232e-02
3.114029999999999854e-01 5.908999999999999669e-02
2.988179999999999725e-01 5.837799999999999934e-02
2.889129999999999754e-01 5.777800000000000297e-02
2.766089999999999938e-01 5.698999999999999899e-02
2.644980000000000109e-01 5.617300000000000071e-02
2.549379999999999979e-01 5.550100000000000172e-02
2.431419999999999970e-01 5.463900000000000007e-02
2.315859999999999863e-01 5.376100000000000323e-02
2.223100000000000076e-01 5.303100000000000175e-02
2.112219999999999931e-01 5.212800000000000072e-02
2.022440000000000071e-01 5.136999999999999900e-02
1.915530000000000010e-01 5.042699999999999960e-02
1.808299999999999907e-01 4.942300000000000165e-02
1.726300000000000057e-01 4.861100000000000143e-02
1.623370000000000091e-01 4.752599999999999880e-02
1.544959999999999944e-01 4.664499999999999896e-02
1.446570000000000078e-01 4.546800000000000147e-02
1.353449999999999931e-01 4.427500000000000185e-02
1.278330000000000022e-01 4.325099999999999778e-02
1.190179999999999988e-01 4.197700000000000042e-02
1.102280000000000065e-01 4.062099999999999739e-02
1.036090000000000066e-01 3.954099999999999976e-02
9.534399999999999820e-02 3.811200000000000004e-02
8.915399999999999714e-02 3.698200000000000098e-02
8.143499999999999350e-02 3.549000000000000071e-02
7.423100000000000531e-02 3.401099999999999957e-02
6.853199999999999570e-02 3.277299999999999658e-02
6.189900000000000263e-02 3.125100000000000100e-02
5.666600000000000109e-02 2.997899999999999870e-02
5.061700000000000227e-02 2.842400000000000135e-02
4.475599999999999717e-02 2.681300000000000003e-02
4.041100000000000247e-02 2.554599999999999926e-02
3.516600000000000281e-02 2.391199999999999923e-02
3.032800000000000079e-02 2.228700000000000125e-02
2.669300000000000145e-02 2.096900000000000153e-02
2.247100000000000139e-02 1.931599999999999984e-02
1.935699999999999921e-02 1.798100000000000045e-02
1.576100000000000070e-02 1.629200000000000093e-02
1.257899999999999990e-02 1.460799999999999946e-02
1.022099999999999918e-02 1.320799999999999925e-02
7.697999999999999982e-03 1.149700000000000027e-02
5.866999999999999819e-03 1.006499999999999929e-02
4.000000000000000083e-03 8.330000000000000598e-03
2.413999999999999913e-03 6.487999999999999844e-03
1.495000000000000018e-03 5.113000000000000357e-03
6.030000000000000204e-04 3.263999999999999974e-03
1.279999999999999942e-04 1.482999999999999943e-03
-0.000000000000000000e+00 2.099999999999999884e-05
1.289999999999999914e-04 -1.440000000000000091e-03
6.040000000000000447e-04 -3.216000000000000109e-03
1.495000000000000018e-03 -5.055999999999999731e-03
2.410999999999999949e-03 -6.425000000000000155e-03
3.989000000000000358e-03 -8.260999999999999246e-03
5.845000000000000369e-03 -9.995000000000000412e-03
7.662000000000000408e-03 -1.143100000000000019e-02
1.016700000000000069e-02 -1.315400000000000076e-02
1.250700000000000076e-02 -1.457299999999999915e-02
1.566400000000000084e-02 -1.628999999999999893e-02
1.923199999999999910e-02 -1.802499999999999936e-02
2.232500000000000109e-02 -1.940199999999999911e-02
2.652099999999999944e-02 -2.111700000000000035e-02
3.110900000000000123e-02 -2.284100000000000019e-02
3.495299999999999796e-02 -2.418299999999999964e-02
4.018000000000000044e-02 -2.589500000000000135e-02
4.451299999999999701e-02 -2.722400000000000167e-02
5.036299999999999805e-02 -2.892099999999999879e-02
5.640400000000000275e-02 -3.056700000000000042e-02
6.163099999999999828e-02 -3.192199999999999899e-02
6.826100000000000223e-02 -3.355899999999999855e-02
7.541399999999999493e-02 -3.524299999999999655e-02
8.115899999999999503e-02 -3.654000000000000303e-02
8.887799999999999867e-02 -3.821999999999999703e-02
9.506799999999999973e-02 -3.951899999999999857e-02
1.033319999999999933e-01 -4.120200000000000251e-02
1.116309999999999941e-01 -4.283599999999999908e-02
1.187420000000000003e-01 -4.419800000000000118e-02
1.275580000000000047e-01 -4.584400000000000280e-02
1.350699999999999956e-01 -4.721199999999999702e-02
1.443820000000000103e-01 -4.886800000000000171e-02
1.542209999999999970e-01 -5.057400000000000090e-02
1.620610000000000106e-01 -5.190000000000000169e-02
1.723530000000000062e-01 -5.359599999999999781e-02
1.826180000000000025e-01 -5.522900000000000031e-02
1.912739999999999996e-01 -5.655099999999999710e-02
2.019630000000000036e-01 -5.809799999999999687e-02
2.109389999999999876e-01 -5.930400000000000255e-02
2.221200000000000119e-01 -6.066300000000000164e-02
2.335710000000000008e-01 -6.188300000000000051e-02
2.428530000000000133e-01 -6.274399999999999422e-02
2.546470000000000122e-01 -6.367399999999999449e-02
2.642039999999999944e-01 -6.429300000000000292e-02
2.763120000000000021e-01 -6.491099999999999648e-02
2.886139999999999817e-01 -6.534900000000000431e-02
2.985169999999999768e-01 -6.556900000000000228e-02
3.111010000000000164e-01 -6.568200000000000427e-02
3.237180000000000057e-01 -6.562400000000000178e-02
3.340420000000000056e-01 -6.545399999999999829e-02
3.468829999999999969e-01 -6.510699999999999821e-02
3.573810000000000042e-01 -6.471200000000000563e-02
3.704120000000000190e-01 -6.409199999999999620e-02
3.837189999999999768e-01 -6.331699999999999828e-02
3.942410000000000081e-01 -6.260999999999999899e-02
4.077020000000000088e-01 -6.159900000000000098e-02
4.209959999999999813e-01 -6.049500000000000016e-02
4.318980000000000041e-01 -5.952600000000000252e-02
4.452599999999999891e-01 -5.827399999999999941e-02
4.562470000000000137e-01 -5.720900000000000291e-02
4.696339999999999959e-01 -5.588300000000000212e-02
4.834019999999999984e-01 -5.452200000000000102e-02
4.940599999999999992e-01 -5.348100000000000076e-02
5.078799999999999981e-01 -5.218400000000000122e-02
5.212059999999999471e-01 -5.100500000000000173e-02
5.323320000000000274e-01 -5.010200000000000070e-02
5.455640000000000489e-01 -4.913800000000000112e-02
5.567020000000000302e-01 -4.843999999999999695e-02
5.698039999999999772e-01 -4.775200000000000278e-02
5.834570000000000034e-01 -4.714999999999999747e-02
5.938750000000000417e-01 -4.673000000000000070e-02
6.074509999999999632e-01 -4.619199999999999695e-02
6.203840000000000465e-01 -4.563799999999999801e-02
6.311890000000000001e-01 -4.510900000000000326e-02
6.441249999999999476e-01 -4.435299999999999659e-02
6.569869999999999877e-01 -4.342499999999999832e-02
6.677840000000000442e-01 -4.247399999999999787e-02
6.799929999999999586e-01 -4.118600000000000039e-02
6.906390000000000029e-01 -3.989000000000000185e-02
7.025780000000000358e-01 -3.826600000000000140e-02
7.154690000000000216e-01 -3.634300000000000030e-02
7.268700000000000161e-01 -3.452100000000000307e-02
7.373060000000000169e-01 -3.277999999999999664e-02
7.483880000000000532e-01 -3.087600000000000067e-02
7.585819999999999785e-01 -2.909399999999999833e-02
7.693280000000000118e-01 -2.720399999999999902e-02
7.814780000000000060e-01 -2.507200000000000054e-02
7.918669999999999876e-01 -2.326999999999999902e-02
8.014010000000000300e-01 -2.164200000000000151e-02
8.114160000000000261e-01 -1.995699999999999905e-02
8.206050000000000288e-01 -1.843600000000000100e-02
8.302289999999999948e-01 -1.687200000000000158e-02
8.390440000000000120e-01 -1.546999999999999938e-02
8.482610000000000428e-01 -1.403800000000000013e-02
8.585679999999999978e-01 -1.248499999999999957e-02
8.673469999999999791e-01 -1.120600000000000068e-02
8.752459999999999685e-01 -1.009400000000000054e-02
8.835800000000000320e-01 -8.963000000000000481e-03
8.910219999999999807e-01 -7.993999999999999370e-03
8.988960000000000283e-01 -7.015999999999999667e-03
9.072750000000000536e-01 -6.049999999999999822e-03
9.148220000000000240e-01 -5.244000000000000397e-03
9.210409999999999986e-01 -4.615000000000000178e-03
9.280709999999999793e-01 -3.948000000000000120e-03
9.337910000000000377e-01 -3.441000000000000048e-03
9.405120000000000147e-01 -2.887999999999999942e-03
9.466250000000000497e-01 -2.429000000000000169e-03
9.517160000000000064e-01 -2.079000000000000119e-03
9.571450000000000236e-01 -1.742999999999999975e-03
9.627130000000000409e-01 -1.436999999999999909e-03
9.674779999999999491e-01 -1.209000000000000005e-03
9.714669999999999694e-01 -1.041999999999999958e-03
9.756439999999999557e-01 -8.919999999999999978e-04
9.798200000000000243e-01 -7.640000000000000306e-04
9.833790000000000031e-01 -6.759999999999999516e-04
9.867489999999999872e-01 -6.070000000000000092e-04
9.896770000000000289e-01 -5.599999999999999509e-04
9.922130000000000116e-01 -5.289999999999999564e-04
9.948939999999999451e-01 -5.050000000000000235e-04
9.968939999999999468e-01 -4.949999999999999973e-04
9.985889999999999489e-01 -4.899999999999999842e-04
1.000000000000000000e+00 -4.889999999999999599e-04
1.000000000000000000e+00 -1.599999999999999928e-05
