1.000000000000000000e+00 8.000000000000000654e-05
1.000000000000000000e+00 4.800000000000000122e-04
9.986150000000000304e-01 8.890000000000000333e-04
9.969519999999999493e-01 1.369999999999999907e-03
9.946540000000000381e-01 2.017000000000000130e-03
9.923549999999999871e-01 2.648000000000000180e-03
9.898639999999999661e-01 3.314999999999999804e-03
9.869879999999999765e-01 4.066000000000000170e-03
9.836770000000000236e-01 4.910000000000000302e-03
9.801809999999999690e-01 5.778000000000000150e-03
9.760760000000000547e-01 6.772000000000000242e-03
9.719710000000000294e-01 7.741999999999999750e-03
9.671419999999999462e-01 8.852999999999999758e-03
9.623819999999999597e-01 9.920999999999999264e-03
9.578870000000000440e-01 1.090700000000000003e-02
9.522699999999999498e-01 1.210899999999999997e-02
9.464190000000000103e-01 1.332900000000000057e-02
9.399690000000000545e-01 1.463899999999999924e-02
9.348929999999999740e-01 1.564400000000000165e-02
9.278170000000000028e-01 1.700700000000000128e-02
9.210129999999999706e-01 1.827799999999999911e-02
9.146349999999999758e-01 1.943299999999999889e-02
9.073329999999999451e-01 2.071100000000000024e-02
8.987960000000000393e-01 2.215900000000000161e-02
8.909920000000000062e-01 2.344299999999999856e-02
8.835450000000000248e-01 2.461899999999999852e-02
8.752760000000000540e-01 2.586600000000000010e-02
8.673659999999999703e-01 2.699899999999999869e-02
8.586460000000000203e-01 2.817700000000000066e-02
8.483349999999999502e-01 2.947100000000000067e-02
8.391659999999999675e-01 3.052900000000000058e-02
8.303239999999999510e-01 3.146399999999999891e-02
8.207370000000000498e-01 3.238200000000000106e-02
8.115090000000000359e-01 3.316999999999999810e-02
8.015200000000000102e-01 3.391899999999999776e-02
7.899629999999999708e-01 3.465800000000000131e-02
7.793280000000000207e-01 3.522999999999999743e-02
7.696020000000000083e-01 3.567000000000000032e-02
7.585960000000000480e-01 3.608600000000000002e-02
7.485779999999999657e-01 3.640199999999999686e-02
7.372220000000000439e-01 3.670999999999999958e-02
7.269440000000000346e-01 3.696300000000000280e-02
7.147639999999999549e-01 3.726800000000000251e-02
7.024939999999999518e-01 3.762399999999999772e-02
6.920490000000000252e-01 3.800499999999999712e-02
6.797309999999999741e-01 3.859499999999999736e-02
6.691099999999999826e-01 3.926299999999999929e-02
6.565250000000000252e-01 4.028400000000000036e-02
6.431099999999999595e-01 4.161800000000000221e-02
6.329329999999999679e-01 4.276300000000000240e-02
6.193670000000000009e-01 4.441400000000000209e-02
6.065199999999999481e-01 4.605700000000000072e-02
5.953340000000000298e-01 4.750599999999999962e-02
5.822899999999999743e-01 4.916500000000000037e-02
5.710690000000000488e-01 5.052399999999999947e-02
5.578619999999999690e-01 5.199000000000000149e-02
5.466360000000000108e-01 5.308600000000000124e-02
5.333020000000000538e-01 5.420300000000000118e-02
5.193489999999999496e-01 5.517299999999999982e-02
5.086730000000000418e-01 5.578999999999999931e-02
4.947630000000000083e-01 5.644600000000000312e-02
4.813160000000000216e-01 5.693899999999999656e-02
4.702009999999999801e-01 5.725399999999999934e-02
4.567519999999999913e-01 5.753699999999999787e-02
4.457220000000000071e-01 5.770200000000000329e-02
4.323159999999999781e-01 5.783100000000000046e-02
4.186920000000000086e-01 5.788999999999999702e-02
4.080619999999999803e-01 5.788599999999999995e-02
3.945810000000000151e-01 5.782000000000000334e-02
3.840459999999999985e-01 5.772200000000000247e-02
3.707289999999999752e-01 5.754100000000000187e-02
3.576920000000000099e-01 5.730199999999999877e-02
3.471910000000000274e-01 5.706399999999999667e-02
3.343470000000000053e-01 5.671999999999999958e-02
3.215120000000000200e-01 5.631599999999999800e-02
3.114029999999999854e-01 5.595100000000000073e-02
2.988179999999999725e-01 5.543399999999999717e-02
2.889129999999999754e-01 5.497500000000000303e-02
2.766089999999999938e-01 5.433899999999999841e-02
2.644980000000000109e-01 5.363699999999999718e-02
2.549379999999999979e-01 5.302899999999999975e-02
2.431419999999999970e-01 5.221300000000000247e-02
2.315859999999999863e-01 5.134099999999999775e-02
2.223100000000000076e-01 5.058900000000000202e-02
2.112219999999999931e-01 4.963200000000000250e-02
2.022440000000000071e-01 4.881200000000000122e-02
1.915530000000000010e-01 4.779400000000000315e-02
1.808299999999999907e-01 4.673299999999999677e-02
1.726300000000000057e-01 4.589700000000000030e-02
1.623370000000000091e-01 4.481700000000000267e-02
1.544959999999999944e-01 4.397000000000000214e-02
1.446570000000000078e-01 4.287500000000000339e-02
1.353449999999999931e-01 4.180199999999999888e-02
1.278330000000000022e-01 4.090799999999999992e-02
1.190179999999999988e-01 3.982499999999999929e-02
1.102280000000000065e-01 3.870300000000000129e-02
1.036090000000000066e-01 3.782800000000000051e-02
9.534399999999999820e-02 3.669399999999999745e-02
8.915399999999999714e-02 3.581199999999999661e-02
8.143499999999999350e-02 3.466500000000000137e-02
7.423100000000000531e-02 3.354300000000000337e-02
6.853199999999999570e-02 3.261200000000000210e-02
6.189900000000000263e-02 3.147300000000000098e-02
5.666600000000000109e-02 3.052200000000000052e-02
5.061700000000000227e-02 2.935499999999999915e-02
4.475599999999999717e-02 2.813600000000000129e-02
4.041100000000000247e-02 2.716500000000000165e-02
3.516600000000000281e-02 2.588800000000000129e-02
3.032800000000000079e-02 2.458400000000000168e-02
2.669300000000000145e-02 2.349299999999999999e-02
2.247100000000000139e-02 2.207599999999999840e-02
1.935699999999999921e-02 2.088500000000000079e-02
1.576100000000000070e-02 1.931300000000000031e-02
1.257899999999999990e-02 1.766200000000000062e-02
1.022099999999999918e-02 1.622399999999999884e-02
7.697999999999999982e-03 1.438599999999999948e-02
5.866999999999999819e-03 1.277900000000000043e-02
4.000000000000000083e-03 1.075300000000000041e-02
2.413999999999999913e-03 8.519999999999999796e-03
1.495000000000000018e-03 6.807999999999999816e-03
6.030000000000000204e-04 4.464000000000000086e-03
1.279999999999999942e-04 2.184000000000000177e-03
-0.000000000000000000e+00 3.130000000000000187e-04
1.289999999999999914e-04 -1.533999999999999990e-03
6.040000000000000447e-04 -3.732000000000000074e-03
1.495000000000000018e-03 -5.923000000000000313e-03
2.410999999999999949e-03 -7.479000000000000405e-03
3.989000000000000358e-03 -9.450999999999999332e-03
5.845000000000000369e-03 -1.117499999999999917e-02
7.662000000000000408e-03 -1.249199999999999963e-02
1.016700000000000069e-02 -1.393900000000000000e-02
1.250700000000000076e-02 -1.501700000000000083e-02
1.566400000000000084e-02 -1.619100000000000053e-02
1.923199999999999910e-02 -1.723399999999999932e-02
2.232500000000000109e-02 -1.796999999999999986e-02
2.652099999999999944e-02 -1.877600000000000102e-02
3.110900000000000123e-02 -1.948099999999999832e-02
3.495299999999999796e-02 -1.996200000000000058e-02
4.018000000000000044e-02 -2.050799999999999845e-02
4.451299999999999701e-02 -2.088599999999999832e-02
5.036299999999999805e-02 -2.132600000000000121e-02
5.640400000000000275e-02 -2.171999999999999972e-02
6.163099999999999828e-02 -2.203300000000000050e-02
6.826100000000000223e-02 -2.240699999999999983e-02
7.541399999999999493e-02 -2.280799999999999841e-02
8.115899999999999503e-02 -2.313499999999999931e-02
8.887799999999999867e-02 -2.359999999999999945e-02
9.506799999999999973e-02 -2.399899999999999950e-02
1.033319999999999933e-01 -2.458199999999999968e-02
1.116309999999999941e-01 -2.523099999999999996e-02
1.187420000000000003e-01 -2.584399999999999892e-02
1.275580000000000047e-01 -2.668200000000000086e-02
1.350699999999999956e-01 -2.746799999999999936e-02
1.443820000000000103e-01 -2.853299999999999934e-02
1.542209999999999970e-01 -2.976600000000000079e-02
1.620610000000000106e-01 -3.082100000000000117e-02
1.723530000000000062e-01 -3.228600000000000220e-02
1.826180000000000025e-01 -3.380199999999999871e-02
1.912739999999999996e-01 -3.508499999999999813e-02
2.019630000000000036e-01 -3.660200000000000259e-02
2.109389999999999876e-01 -3.774299999999999877e-02
2.221200000000000119e-01 -3.888599999999999696e-02
2.335710000000000008e-01 -3.971199999999999730e-02
2.428530000000000133e-01 -4.013499999999999707e-02
2.546470000000000122e-01 -4.037000000000000310e-02
2.642039999999999944e-01 -4.033099999999999880e-02
2.763120000000000021e-01 -4.002599999999999908e-02
2.886139999999999817e-01 -3.947200000000000014e-02
2.985169999999999768e-01 -3.889399999999999802e-02
3.111010000000000164e-01 -3.805800000000000155e-02
3.237180000000000057e-01 -3.719599999999999990e-02
3.340420000000000056e-01 -3.654099999999999709e-02
3.468829999999999969e-01 -3.585699999999999998e-02
3.573810000000000042e-01 -3.540900000000000297e-02
3.704120000000000190e-01 -3.498699999999999727e-02
3.837189999999999768e-01 -3.470299999999999774e-02
3.942410000000000081e-01 -3.458200000000000163e-02
4.077020000000000088e-01 -3.455899999999999944e-02
4.209959999999999813e-01 -3.467699999999999949e-02
4.318980000000000041e-01 -3.488000000000000128e-02
4.452599999999999891e-01 -3.525600000000000261e-02
4.562470000000000137e-01 -3.566899999999999932e-02
4.696339999999999959e-01 -3.626800000000000163e-02
4.834019999999999984e-01 -3.696399999999999686e-02
4.940599999999999992e-01 -3.753000000000000086e-02
5.078799999999999981e-01 -3.827599999999999753e-02
5.212059999999999471e-01 -3.896700000000000164e-02
5.323320000000000274e-01 -3.950399999999999745e-02
5.455640000000000489e-01 -4.005999999999999839e-02
5.567020000000000302e-01 -4.043900000000000272e-02
5.698039999999999772e-01 -4.075299999999999756e-02
5.834570000000000034e-01 -4.092900000000000010e-02
5.938750000000000417e-01 -4.095599999999999935e-02
6.074509999999999632e-01 -4.085199999999999942e-02
6.203840000000000465e-01 -4.060199999999999920e-02
6.311890000000000001e-01 -4.027800000000000130e-02
6.441249999999999476e-01 -3.974699999999999761e-02
6.569869999999999877e-01 -3.906300000000000050e-02
6.677840000000000442e-01 -3.836300000000000127e-02
6.799929999999999586e-01 -3.742600000000000093e-02
6.906390000000000029e-01 -3.645999999999999935e-02
7.025780000000000358e-01 -3.518899999999999806e-02
7.154690000000000216e-01 -3.357299999999999868e-02
7.268700000000000161e-01 -3.192099999999999799e-02
7.373060000000000169e-01 -3.022499999999999840e-02
7.483880000000000532e-01 -2.823300000000000115e-02
7.585819999999999785e-01 -2.623599999999999891e-02
7.693280000000000118e-01 -2.396699999999999872e-02
7.814780000000000060e-01 -2.121599999999999875e-02
7.918669999999999876e-01 -1.872199999999999906e-02
8.014010000000000300e-01 -1.636200000000000154e-02
8.114160000000000261e-01 -1.387900000000000071e-02
8.206050000000000288e-01 -1.165500000000000043e-02
8.302289999999999948e-01 -9.421999999999999820e-03
8.390440000000000120e-01 -7.496000000000000059e-03
8.482610000000000428e-01 -5.623999999999999659e-03
8.585679999999999978e-01 -3.720999999999999915e-03
8.673469999999999791e-01 -2.269999999999999882e-03
8.752459999999999685e-01 -1.101999999999999898e-03
8.835800000000000320e-01 -1.399999999999999979e-05
8.910219999999999807e-01 8.310000000000000329e-04
8.988960000000000283e-01 1.593000000000000015e-03
9.072750000000000536e-01 2.240999999999999936e-03
9.148220000000000240e-01 2.687999999999999851e-03
9.210409999999999986e-01 2.967000000000000019e-03
9.280709999999999793e-01 3.186000000000000030e-03
9.337910000000000377e-01 3.289999999999999956e-03
9.405120000000000147e-01 3.325999999999999963e-03
9.466250000000000497e-01 3.278999999999999797e-03
9.517160000000000064e-01 3.181999999999999933e-03
9.571450000000000236e-01 3.018999999999999982e-03
9.627130000000000409e-01 2.789999999999999945e-03
9.674779999999999491e-01 2.543000000000000121e-03
9.714669999999999694e-01 2.301999999999999793e-03
9.756439999999999557e-01 2.014999999999999864e-03
9.798200000000000243e-01 1.693999999999999976e-03
9.833790000000000031e-01 1.392999999999999924e-03
9.867489999999999872e-01 1.087000000000000076e-03
9.896770000000000289e-01 8.040000000000000271e-04
9.922130000000000116e-01 5.460000000000000443e-04
9.948939999999999451e-01 2.610000000000000015e-04
9.968939999999999468e-01 3.899999999999999929e-05
9.985889999999999489e-01 -1.550000000000000000e-04
1.000000000000000000e+00 -3.209999999999999963e-04
1.000000000000000000e+00 8.000000000000000654e-05
