1.000000000000000000e+00 -1.000000000000000082e-05
1.000000000000000000e+00 4.519999999999999821e-04
9.986150000000000304e-01 7.550000000000000287e-04
9.969519999999999493e-01 1.111999999999999924e-03
9.946540000000000381e-01 1.593000000000000015e-03
9.923549999999999871e-01 2.064999999999999995e-03
9.898639999999999661e-01 2.566000000000000138e-03
9.869879999999999765e-01 3.134000000000000067e-03
9.836770000000000236e-01 3.776999999999999975e-03
9.801809999999999690e-01 4.445000000000000166e-03
9.760760000000000547e-01 5.217000000000000283e-03
9.719710000000000294e-01 5.978999999999999940e-03
9.671419999999999462e-01 6.863000000000000177e-03
9.623819999999999597e-01 7.726000000000000228e-03
9.578870000000000440e-01 8.533000000000000654e-03
9.522699999999999498e-01 9.534000000000000807e-03
9.464190000000000103e-01 1.057199999999999980e-02
9.399690000000000545e-01 1.171099999999999919e-02
9.348929999999999740e-01 1.260599999999999915e-02
9.278170000000000028e-01 1.385199999999999973e-02
9.210129999999999706e-01 1.505100000000000014e-02
9.146349999999999758e-01 1.617700000000000041e-02
9.073329999999999451e-01 1.746699999999999989e-02
8.987960000000000393e-01 1.899800000000000100e-02
8.909920000000000062e-01 2.042599999999999971e-02
8.835450000000000248e-01 2.180199999999999846e-02
8.752760000000000540e-01 2.334400000000000017e-02
8.673659999999999703e-01 2.483300000000000091e-02
8.586460000000000203e-01 2.649100000000000066e-02
8.483349999999999502e-01 2.847399999999999931e-02
8.391659999999999675e-01 3.025900000000000117e-02
8.303239999999999510e-01 3.199300000000000060e-02
8.207370000000000498e-01 3.388499999999999845e-02
8.115090000000000359e-01 3.570600000000000163e-02
8.015200000000000102e-01 3.766400000000000303e-02
7.899629999999999708e-01 3.988200000000000078e-02
7.793280000000000207e-01 4.184899999999999731e-02
7.696020000000000083e-01 4.357199999999999962e-02
7.585960000000000480e-01 4.543400000000000216e-02
7.485779999999999657e-01 4.704599999999999754e-02
7.372220000000000439e-01 4.877499999999999891e-02
7.269440000000000346e-01 5.024900000000000200e-02
7.147639999999999549e-01 5.188500000000000056e-02
7.024939999999999518e-01 5.340999999999999914e-02
6.920490000000000252e-01 5.461499999999999688e-02
6.797309999999999741e-01 5.592899999999999955e-02
6.691099999999999826e-01 5.697200000000000181e-02
6.565250000000000252e-01 5.810499999999999693e-02
6.431099999999999595e-01 5.920199999999999768e-02
6.329329999999999679e-01 5.996699999999999947e-02
6.193670000000000009e-01 6.090399999999999980e-02
6.065199999999999481e-01 6.171700000000000103e-02
5.953340000000000298e-01 6.237499999999999989e-02
5.822899999999999743e-01 6.309599999999999931e-02
5.710690000000000488e-01 6.368400000000000449e-02
5.578619999999999690e-01 6.435100000000000542e-02
5.466360000000000108e-01 6.490799999999999348e-02
5.333020000000000538e-01 6.554899999999999616e-02
5.193489999999999496e-01 6.617599999999999871e-02
5.086730000000000418e-01 6.661200000000000454e-02
4.947630000000000083e-01 6.710699999999999998e-02
4.813160000000000216e-01 6.748600000000000432e-02
4.702009999999999801e-01 6.771399999999999642e-02
4.567519999999999913e-01 6.786799999999999777e-02
4.457220000000000071e-01 6.788399999999999990e-02
4.323159999999999781e-01 6.775699999999999779e-02
4.186920000000000086e-01 6.747699999999999532e-02
4.080619999999999803e-01 6.716300000000000048e-02
3.945810000000000151e-01 6.666300000000000003e-02
3.840459999999999985e-01 6.620199999999999696e-02
3.707289999999999752e-01 6.554200000000000303e-02
3.576920000000000099e-01 6.482899999999999774e-02
3.471910000000000274e-01 6.421499999999999431e-02
3.343470000000000053e-01 6.342699999999999727e-02
3.215120000000000200e-01 6.260999999999999899e-02
3.114029999999999854e-01 6.195500000000000312e-02
2.988179999999999725e-01 6.113600000000000284e-02
2.889129999999999754e-01 6.049500000000000016e-02
2.766089999999999938e-01 5.971100000000000019e-02
2.644980000000000109e-01 5.895500000000000046e-02
2.549379999999999979e-01 5.836999999999999827e-02
2.431419999999999970e-01 5.766299999999999898e-02
2.315859999999999863e-01 5.698500000000000093e-02
2.223100000000000076e-01 5.644799999999999818e-02
2.112219999999999931e-01 5.581200000000000050e-02
2.022440000000000071e-01 5.529400000000000287e-02
1.915530000000000010e-01 5.464499999999999913e-02
1.808299999999999907e-01 5.392600000000000171e-02
1.726300000000000057e-01 5.331400000000000028e-02
1.623370000000000091e-01 5.244999999999999662e-02
1.544959999999999944e-01 5.171300000000000202e-02
1.446570000000000078e-01 5.068199999999999789e-02
1.353449999999999931e-01 4.958900000000000113e-02
1.278330000000000022e-01 4.861999999999999655e-02
1.190179999999999988e-01 4.738099999999999951e-02
1.102280000000000065e-01 4.602699999999999847e-02
1.036090000000000066e-01 4.492700000000000166e-02
9.534399999999999820e-02 4.344900000000000151e-02
8.915399999999999714e-02 4.226499999999999702e-02
8.143499999999999350e-02 4.068399999999999794e-02
7.423100000000000531e-02 3.910099999999999687e-02
6.853199999999999570e-02 3.776499999999999996e-02
6.189900000000000263e-02 3.611299999999999927e-02
5.666600000000000109e-02 3.472399999999999792e-02
5.061700000000000227e-02 3.301599999999999674e-02
4.475599999999999717e-02 3.123799999999999841e-02
4.041100000000000247e-02 2.983399999999999941e-02
3.516600000000000281e-02 2.801299999999999971e-02
3.032800000000000079e-02 2.619399999999999853e-02
2.669300000000000145e-02 2.471100000000000033e-02
2.247100000000000139e-02 2.283999999999999919e-02
1.935699999999999921e-02 2.132099999999999967e-02
1.576100000000000070e-02 1.938700000000000145e-02
1.257899999999999990e-02 1.744400000000000117e-02
1.022099999999999918e-02 1.581799999999999873e-02
7.697999999999999982e-03 1.381800000000000042e-02
5.866999999999999819e-03 1.213400000000000069e-02
4.000000000000000083e-03 1.008200000000000068e-02
2.413999999999999913e-03 7.891999999999999710e-03
1.495000000000000018e-03 6.255000000000000143e-03
6.030000000000000204e-04 4.052000000000000046e-03
1.279999999999999942e-04 1.935000000000000088e-03
-0.000000000000000000e+00 2.039999999999999984e-04
1.289999999999999914e-04 -1.512000000000000106e-03
6.040000000000000447e-04 -3.576999999999999885e-03
1.495000000000000018e-03 -5.684999999999999949e-03
2.410999999999999949e-03 -7.226999999999999917e-03
3.989000000000000358e-03 -9.256999999999999604e-03
5.845000000000000369e-03 -1.112900000000000000e-02
7.662000000000000408e-03 -1.264599999999999926e-02
1.016700000000000069e-02 -1.442300000000000006e-02
1.250700000000000076e-02 -1.585100000000000051e-02
1.566400000000000084e-02 -1.753700000000000050e-02
1.923199999999999910e-02 -1.919600000000000126e-02
2.232500000000000109e-02 -2.048399999999999874e-02
2.652099999999999944e-02 -2.205100000000000116e-02
3.110900000000000123e-02 -2.359100000000000086e-02
3.495299999999999796e-02 -2.476700000000000082e-02
4.018000000000000044e-02 -2.624200000000000144e-02
4.451299999999999701e-02 -2.737099999999999950e-02
5.036299999999999805e-02 -2.879400000000000015e-02
5.640400000000000275e-02 -3.015800000000000078e-02
6.163099999999999828e-02 -3.127499999999999725e-02
6.826100000000000223e-02 -3.261800000000000116e-02
7.541399999999999493e-02 -3.399900000000000144e-02
8.115899999999999503e-02 -3.506299999999999695e-02
8.887799999999999867e-02 -3.645000000000000323e-02
9.506799999999999973e-02 -3.753100000000000186e-02
1.033319999999999933e-01 -3.894600000000000145e-02
1.116309999999999941e-01 -4.033899999999999986e-02
1.187420000000000003e-01 -4.151799999999999935e-02
1.275580000000000047e-01 -4.296699999999999825e-02
1.350699999999999956e-01 -4.419200000000000211e-02
1.443820000000000103e-01 -4.570199999999999957e-02
1.542209999999999970e-01 -4.728799999999999670e-02
1.620610000000000106e-01 -4.854100000000000081e-02
1.723530000000000062e-01 -5.016400000000000026e-02
1.826180000000000025e-01 -5.173599999999999727e-02
1.912739999999999996e-01 -5.300599999999999756e-02
2.019630000000000036e-01 -5.446499999999999952e-02
2.109389999999999876e-01 -5.555800000000000322e-02
2.221200000000000119e-01 -5.669699999999999740e-02
2.335710000000000008e-01 -5.760300000000000142e-02
2.428530000000000133e-01 -5.815200000000000230e-02
2.546470000000000122e-01 -5.862799999999999956e-02
2.642039999999999944e-01 -5.884699999999999653e-02
2.763120000000000021e-01 -5.894300000000000234e-02
2.886139999999999817e-01 -5.886799999999999672e-02
2.985169999999999768e-01 -5.871799999999999936e-02
3.111010000000000164e-01 -5.845800000000000302e-02
3.237180000000000057e-01 -5.818700000000000261e-02
3.340420000000000056e-01 -5.800199999999999800e-02
3.468829999999999969e-01 -5.786100000000000271e-02
3.573810000000000042e-01 -5.779900000000000315e-02
3.704120000000000190e-01 -5.775999999999999884e-02
3.837189999999999768e-01 -5.772399999999999753e-02
3.942410000000000081e-01 -5.767400000000000304e-02
4.077020000000000088e-01 -5.755299999999999999e-02
4.209959999999999813e-01 -5.733400000000000302e-02
4.318980000000000041e-01 -5.706100000000000061e-02
4.452599999999999891e-01 -5.657899999999999735e-02
4.562470000000000137e-01 -5.605600000000000166e-02
4.696339999999999959e-01 -5.528199999999999781e-02
4.834019999999999984e-01 -5.438300000000000078e-02
4.940599999999999992e-01 -5.364000000000000018e-02
5.078799999999999981e-01 -5.266599999999999754e-02
5.212059999999999471e-01 -5.174900000000000333e-02
5.323320000000000274e-01 -5.104100000000000303e-02
5.455640000000000489e-01 -5.029499999999999943e-02
5.567020000000000302e-01 -4.978300000000000086e-02
5.698039999999999772e-01 -4.932199999999999779e-02
5.834570000000000034e-01 -4.895399999999999752e-02
5.938750000000000417e-01 -4.870300000000000323e-02
6.074509999999999632e-01 -4.835899999999999921e-02
6.203840000000000465e-01 -4.794699999999999657e-02
6.311890000000000001e-01 -4.749500000000000249e-02
6.441249999999999476e-01 -4.677100000000000007e-02
6.569869999999999877e-01 -4.579600000000000337e-02
6.677840000000000442e-01 -4.473799999999999999e-02
6.799929999999999586e-01 -4.324999999999999678e-02
6.906390000000000029e-01 -4.172499999999999820e-02
7.025780000000000358e-01 -3.980299999999999810e-02
7.154690000000000216e-01 -3.752899999999999986e-02
7.268700000000000161e-01 -3.539400000000000185e-02
7.373060000000000169e-01 -3.337400000000000089e-02
7.483880000000000532e-01 -3.119399999999999951e-02
7.585819999999999785e-01 -2.918499999999999914e-02
7.693280000000000118e-01 -2.708699999999999997e-02
7.814780000000000060e-01 -2.476899999999999935e-02
7.918669999999999876e-01 -2.284999999999999878e-02
8.014010000000000300e-01 -2.114600000000000160e-02
8.114160000000000261e-01 -1.940800000000000164e-02
8.206050000000000288e-01 -1.785899999999999987e-02
8.302289999999999948e-01 -1.627999999999999933e-02
8.390440000000000120e-01 -1.487499999999999933e-02
8.482610000000000428e-01 -1.344599999999999962e-02
8.585679999999999978e-01 -1.190399999999999965e-02
8.673469999999999791e-01 -1.063799999999999989e-02
8.752459999999999685e-01 -9.539000000000000604e-03
8.835800000000000320e-01 -8.423999999999999197e-03
8.910219999999999807e-01 -7.471000000000000210e-03
8.988960000000000283e-01 -6.511000000000000294e-03
9.072750000000000536e-01 -5.565999999999999767e-03
9.148220000000000240e-01 -4.779000000000000262e-03
9.210409999999999986e-01 -4.167999999999999830e-03
9.280709999999999793e-01 -3.523000000000000090e-03
9.337910000000000377e-01 -3.034999999999999937e-03
9.405120000000000147e-01 -2.507000000000000114e-03
9.466250000000000497e-01 -2.072000000000000057e-03
9.517160000000000064e-01 -1.745000000000000023e-03
9.571450000000000236e-01 -1.433999999999999945e-03
9.627130000000000409e-01 -1.157000000000000042e-03
9.674779999999999491e-01 -9.560000000000000355e-04
9.714669999999999694e-01 -8.120000000000000048e-04
9.756439999999999557e-01 -6.880000000000000265e-04
9.798200000000000243e-01 -5.890000000000000053e-04
9.833790000000000031e-01 -5.259999999999999919e-04
9.867489999999999872e-01 -4.820000000000000066e-04
9.896770000000000289e-01 -4.580000000000000195e-04
9.922130000000000116e-01 -4.459999999999999989e-04
9.948939999999999451e-01 -4.449999999999999746e-04
9.968939999999999468e-01 -4.510000000000000120e-04
9.985889999999999489e-01 -4.609999999999999840e-04
1.000000000000000000e+00 -4.719999999999999803e-04
1.000000000000000000e+00 -1.000000000000000082e-05
