1.000000000000000000e+00 8.799999999999999771e-05
1.000000000000000000e+00 4.510000000000000120e-04
9.986150000000000304e-01 8.679999999999999565e-04
9.969519999999999493e-01 1.363000000000000062e-03
9.946540000000000381e-01 2.033999999999999784e-03
9.923549999999999871e-01 2.694000000000000214e-03
9.898639999999999661e-01 3.397999999999999979e-03
9.869879999999999765e-01 4.197000000000000210e-03
9.836770000000000236e-01 5.100000000000000366e-03
9.801809999999999690e-01 6.036999999999999832e-03
9.760760000000000547e-01 7.114999999999999797e-03
9.719710000000000294e-01 8.172000000000000444e-03
9.671419999999999462e-01 9.388000000000000511e-03
9.623819999999999597e-01 1.055999999999999994e-02
9.578870000000000440e-01 1.164199999999999957e-02
9.522699999999999498e-01 1.296199999999999956e-02
9.464190000000000103e-01 1.430200000000000048e-02
9.399690000000000545e-01 1.573599999999999999e-02
9.348929999999999740e-01 1.683199999999999974e-02
9.278170000000000028e-01 1.831400000000000042e-02
9.210129999999999706e-01 1.968699999999999964e-02
9.146349999999999758e-01 2.092700000000000116e-02
9.073329999999999451e-01 2.228700000000000125e-02
8.987960000000000393e-01 2.381099999999999883e-02
8.909920000000000062e-01 2.514500000000000068e-02
8.835450000000000248e-01 2.635099999999999942e-02
8.752760000000000540e-01 2.760900000000000160e-02
8.673659999999999703e-01 2.872999999999999859e-02
8.586460000000000203e-01 2.987100000000000172e-02
8.483349999999999502e-01 3.108999999999999958e-02
8.391659999999999675e-01 3.205500000000000016e-02
8.303239999999999510e-01 3.287899999999999850e-02
8.207370000000000498e-01 3.366000000000000242e-02
8.115090000000000359e-01 3.430500000000000216e-02
8.015200000000000102e-01 3.490200000000000247e-02
7.899629999999999708e-01 3.548599999999999671e-02
7.793280000000000207e-01 3.596099999999999991e-02
7.696020000000000083e-01 3.635599999999999943e-02
7.585960000000000480e-01 3.676700000000000107e-02
7.485779999999999657e-01 3.711500000000000216e-02
7.372220000000000439e-01 3.749299999999999855e-02
7.269440000000000346e-01 3.783099999999999657e-02
7.147639999999999549e-01 3.824700000000000322e-02
7.024939999999999518e-01 3.870799999999999935e-02
6.920490000000000252e-01 3.915300000000000030e-02
6.797309999999999741e-01 3.976500000000000173e-02
6.691099999999999826e-01 4.038800000000000029e-02
6.565250000000000252e-01 4.125600000000000100e-02
6.431099999999999595e-01 4.231700000000000045e-02
6.329329999999999679e-01 4.318999999999999923e-02
6.193670000000000009e-01 4.441200000000000009e-02
6.065199999999999481e-01 4.559499999999999664e-02
5.953340000000000298e-01 4.661499999999999672e-02
5.822899999999999743e-01 4.775900000000000284e-02
5.710690000000000488e-01 4.867500000000000299e-02
5.578619999999999690e-01 4.963900000000000257e-02
5.466360000000000108e-01 5.033699999999999980e-02
5.333020000000000538e-01 5.102500000000000091e-02
5.193489999999999496e-01 5.160100000000000103e-02
5.086730000000000418e-01 5.195700000000000318e-02
4.947630000000000083e-01 5.233100000000000251e-02
4.813160000000000216e-01 5.261500000000000205e-02
4.702009999999999801e-01 5.280900000000000177e-02
4.567519999999999913e-01 5.301100000000000256e-02
4.457220000000000071e-01 5.316400000000000292e-02
4.323159999999999781e-01 5.334799999999999959e-02
4.186920000000000086e-01 5.353499999999999925e-02
4.080619999999999803e-01 5.367700000000000249e-02
3.945810000000000151e-01 5.385000000000000203e-02
3.840459999999999985e-01 5.397500000000000214e-02
3.707289999999999752e-01 5.411699999999999844e-02
3.576920000000000099e-01 5.423399999999999749e-02
3.471910000000000274e-01 5.430900000000000311e-02
3.343470000000000053e-01 5.437199999999999672e-02
3.215120000000000200e-01 5.439700000000000091e-02
3.114029999999999854e-01 5.437000000000000166e-02
2.988179999999999725e-01 5.425200000000000161e-02
2.889129999999999754e-01 5.407399999999999707e-02
2.766089999999999938e-01 5.373100000000000098e-02
2.644980000000000109e-01 5.324099999999999666e-02
2.549379999999999979e-01 5.273900000000000116e-02
2.431419999999999970e-01 5.197000000000000230e-02
2.315859999999999863e-01 5.104999999999999816e-02
2.223100000000000076e-01 5.019200000000000050e-02
2.112219999999999931e-01 4.902499999999999913e-02
2.022440000000000071e-01 4.797799999999999981e-02
1.915530000000000010e-01 4.665400000000000102e-02
1.808299999999999907e-01 4.528299999999999687e-02
1.726300000000000057e-01 4.422500000000000042e-02
1.623370000000000091e-01 4.289799999999999863e-02
1.544959999999999944e-01 4.189400000000000068e-02
1.446570000000000078e-01 4.064500000000000057e-02
1.353449999999999931e-01 3.947599999999999720e-02
1.278330000000000022e-01 3.853899999999999687e-02
1.190179999999999988e-01 3.744700000000000112e-02
1.102280000000000065e-01 3.636000000000000343e-02
1.036090000000000066e-01 3.554100000000000315e-02
9.534399999999999820e-02 3.451200000000000101e-02
8.915399999999999714e-02 3.373299999999999910e-02
8.143499999999999350e-02 3.274400000000000227e-02
7.423100000000000531e-02 3.179799999999999988e-02
6.853199999999999570e-02 3.102600000000000149e-02
6.189900000000000263e-02 3.009099999999999969e-02
5.666600000000000109e-02 2.931699999999999931e-02
5.061700000000000227e-02 2.836999999999999938e-02
4.475599999999999717e-02 2.737699999999999856e-02
4.041100000000000247e-02 2.658200000000000146e-02
3.516600000000000281e-02 2.552300000000000055e-02
3.032800000000000079e-02 2.442499999999999880e-02
2.669300000000000145e-02 2.348799999999999846e-02
2.247100000000000139e-02 2.224599999999999841e-02
1.935699999999999921e-02 2.117799999999999891e-02
1.576100000000000070e-02 1.973499999999999907e-02
1.257899999999999990e-02 1.818200000000000024e-02
1.022099999999999918e-02 1.679999999999999896e-02
7.697999999999999982e-03 1.499699999999999991e-02
5.866999999999999819e-03 1.339199999999999939e-02
4.000000000000000083e-03 1.133600000000000059e-02
2.413999999999999913e-03 9.032999999999999363e-03
1.495000000000000018e-03 7.248000000000000102e-03
6.030000000000000204e-04 4.779000000000000262e-03
1.279999999999999942e-04 2.354999999999999889e-03
-0.000000000000000000e+00 3.539999999999999853e-04
1.289999999999999914e-04 -1.629999999999999939e-03
6.040000000000000447e-04 -3.998999999999999951e-03
1.495000000000000018e-03 -6.364999999999999998e-03
2.410999999999999949e-03 -8.047000000000000333e-03
3.989000000000000358e-03 -1.017700000000000028e-02
5.845000000000000369e-03 -1.203399999999999956e-02
7.662000000000000408e-03 -1.345000000000000015e-02
1.016700000000000069e-02 -1.499799999999999918e-02
1.250700000000000076e-02 -1.614700000000000163e-02
1.566400000000000084e-02 -1.738999999999999921e-02
1.923199999999999910e-02 -1.848800000000000096e-02
2.232500000000000109e-02 -1.925599999999999881e-02
2.652099999999999944e-02 -2.009400000000000075e-02
3.110900000000000123e-02 -2.082200000000000023e-02
3.495299999999999796e-02 -2.131800000000000014e-02
4.018000000000000044e-02 -2.188100000000000114e-02
4.451299999999999701e-02 -2.227300000000000113e-02
5.036299999999999805e-02 -2.273400000000000074e-02
5.640400000000000275e-02 -2.315499999999999850e-02
6.163099999999999828e-02 -2.349800000000000152e-02
6.826100000000000223e-02 -2.392000000000000029e-02
7.541399999999999493e-02 -2.438500000000000043e-02
8.115899999999999503e-02 -2.477499999999999841e-02
8.887799999999999867e-02 -2.533900000000000041e-02
9.506799999999999973e-02 -2.583099999999999979e-02
1.033319999999999933e-01 -2.655799999999999828e-02
1.116309999999999941e-01 -2.737399999999999903e-02
1.187420000000000003e-01 -2.815000000000000141e-02
1.275580000000000047e-01 -2.921500000000000138e-02
1.350699999999999956e-01 -3.021700000000000080e-02
1.443820000000000103e-01 -3.158199999999999896e-02
1.542209999999999970e-01 -3.316899999999999710e-02
1.620610000000000106e-01 -3.453599999999999726e-02
1.723530000000000062e-01 -3.644800000000000123e-02
1.826180000000000025e-01 -3.845599999999999713e-02
1.912739999999999996e-01 -4.018300000000000344e-02
2.019630000000000036e-01 -4.228300000000000114e-02
2.109389999999999876e-01 -4.393299999999999983e-02
2.221200000000000119e-01 -4.571700000000000069e-02
2.335710000000000008e-01 -4.719600000000000184e-02
2.428530000000000133e-01 -4.813300000000000217e-02
2.546470000000000122e-01 -4.898899999999999783e-02
2.642039999999999944e-01 -4.941399999999999959e-02
2.763120000000000021e-01 -4.962199999999999944e-02
2.886139999999999817e-01 -4.947900000000000215e-02
2.985169999999999768e-01 -4.913200000000000206e-02
3.111010000000000164e-01 -4.842799999999999883e-02
3.237180000000000057e-01 -4.748999999999999749e-02
3.340420000000000056e-01 -4.659300000000000247e-02
3.468829999999999969e-01 -4.538099999999999773e-02
3.573810000000000042e-01 -4.433499999999999941e-02
3.704120000000000190e-01 -4.300999999999999962e-02
3.837189999999999768e-01 -4.166799999999999671e-02
3.942410000000000081e-01 -4.064899999999999763e-02
4.077020000000000088e-01 -3.944600000000000189e-02
4.209959999999999813e-01 -3.841800000000000076e-02
4.318980000000000041e-01 -3.773300000000000265e-02
4.452599999999999891e-01 -3.713400000000000034e-02
4.562470000000000137e-01 -3.686699999999999700e-02
4.696339999999999959e-01 -3.678100000000000119e-02
4.834019999999999984e-01 -3.692000000000000143e-02
4.940599999999999992e-01 -3.714499999999999746e-02
5.078799999999999981e-01 -3.754899999999999904e-02
5.212059999999999471e-01 -3.799999999999999906e-02
5.323320000000000274e-01 -3.839200000000000251e-02
5.455640000000000489e-01 -3.882499999999999840e-02
5.567020000000000302e-01 -3.912999999999999812e-02
5.698039999999999772e-01 -3.937899999999999734e-02
5.834570000000000034e-01 -3.951099999999999751e-02
5.938750000000000417e-01 -3.951899999999999857e-02
6.074509999999999632e-01 -3.940599999999999659e-02
6.203840000000000465e-01 -3.916399999999999743e-02
6.311890000000000001e-01 -3.885700000000000265e-02
6.441249999999999476e-01 -3.835999999999999827e-02
6.569869999999999877e-01 -3.772099999999999759e-02
6.677840000000000442e-01 -3.706899999999999779e-02
6.799929999999999586e-01 -3.619300000000000295e-02
6.906390000000000029e-01 -3.528699999999999892e-02
7.025780000000000358e-01 -3.408800000000000024e-02
7.154690000000000216e-01 -3.255299999999999860e-02
7.268700000000000161e-01 -3.097400000000000153e-02
7.373060000000000169e-01 -2.934300000000000103e-02
7.483880000000000532e-01 -2.741800000000000140e-02
7.585819999999999785e-01 -2.547699999999999965e-02
7.693280000000000118e-01 -2.326100000000000043e-02
7.814780000000000060e-01 -2.056200000000000042e-02
7.918669999999999876e-01 -1.810200000000000004e-02
8.014010000000000300e-01 -1.576500000000000123e-02
8.114160000000000261e-01 -1.329699999999999979e-02
8.206050000000000288e-01 -1.107900000000000031e-02
8.302289999999999948e-01 -8.847000000000000697e-03
8.390440000000000120e-01 -6.914000000000000007e-03
8.482610000000000428e-01 -5.029999999999999749e-03
8.585679999999999978e-01 -3.109999999999999917e-03
8.673469999999999791e-01 -1.639999999999999965e-03
8.752459999999999685e-01 -4.539999999999999765e-04
8.835800000000000320e-01 6.530000000000000431e-04
8.910219999999999807e-01 1.515000000000000071e-03
8.988960000000000283e-01 2.292000000000000200e-03
9.072750000000000536e-01 2.952000000000000197e-03
9.148220000000000240e-01 3.402000000000000076e-03
9.210409999999999986e-01 3.680999999999999810e-03
9.280709999999999793e-01 3.893999999999999892e-03
9.337910000000000377e-01 3.987000000000000093e-03
9.405120000000000147e-01 4.003999999999999747e-03
9.466250000000000497e-01 3.932999999999999864e-03
9.517160000000000064e-01 3.808999999999999886e-03
9.571450000000000236e-01 3.611000000000000060e-03
9.627130000000000409e-01 3.338999999999999954e-03
9.674779999999999491e-01 3.049000000000000061e-03
9.714669999999999694e-01 2.766999999999999928e-03
9.756439999999999557e-01 2.432000000000000134e-03
9.798200000000000243e-01 2.059000000000000066e-03
9.833790000000000031e-01 1.709999999999999932e-03
9.867489999999999872e-01 1.356000000000000000e-03
9.896770000000000289e-01 1.026999999999999918e-03
9.922130000000000116e-01 7.290000000000000473e-04
9.948939999999999451e-01 3.980000000000000248e-04
9.968939999999999468e-01 1.410000000000000120e-04
9.985889999999999489e-01 -8.299999999999999815e-05
1.000000000000000000e+00 -2.739999999999999923e-04
1.000000000000000000e+00 8.799999999999999771e-05
