1.000000000000000000e+00 -1.500000000000000038e-05
1.000000000000000000e+00 4.539999999999999765e-04
9.986150000000000304e-01 7.510000000000000399e-04
9.969519999999999493e-01 1.100000000000000066e-03
9.946540000000000381e-01 1.567999999999999949e-03
9.923549999999999871e-01 2.024999999999999890e-03
9.898639999999999661e-01 2.510000000000000078e-03
9.869879999999999765e-01 3.056999999999999822e-03
9.836770000000000236e-01 3.674000000000000182e-03
9.801809999999999690e-01 4.314000000000000126e-03
9.760760000000000547e-01 5.050999999999999934e-03
9.719710000000000294e-01 5.777000000000000017e-03
9.671419999999999462e-01 6.620000000000000016e-03
9.623819999999999597e-01 7.440000000000000432e-03
9.578870000000000440e-01 8.207000000000000753e-03
9.522699999999999498e-01 9.159000000000000474e-03
9.464190000000000103e-01 1.014499999999999950e-02
9.399690000000000545e-01 1.123000000000000040e-02
9.348929999999999740e-01 1.208200000000000073e-02
9.278170000000000028e-01 1.327000000000000055e-02
9.210129999999999706e-01 1.441500000000000073e-02
9.146349999999999758e-01 1.549299999999999983e-02
9.073329999999999451e-01 1.672999999999999834e-02
8.987960000000000393e-01 1.820099999999999843e-02
8.909920000000000062e-01 1.957800000000000165e-02
8.835450000000000248e-01 2.090699999999999850e-02
8.752760000000000540e-01 2.239899999999999877e-02
8.673659999999999703e-01 2.384199999999999861e-02
8.586460000000000203e-01 2.545199999999999893e-02
8.483349999999999502e-01 2.737900000000000056e-02
8.391659999999999675e-01 2.911299999999999999e-02
8.303239999999999510e-01 3.079700000000000146e-02
8.207370000000000498e-01 3.262899999999999828e-02
8.115090000000000359e-01 3.438299999999999690e-02
8.015200000000000102e-01 3.625599999999999656e-02
7.899629999999999708e-01 3.835100000000000314e-02
7.793280000000000207e-01 4.017400000000000138e-02
7.696020000000000083e-01 4.173899999999999832e-02
7.585960000000000480e-01 4.339300000000000102e-02
7.485779999999999657e-01 4.479400000000000048e-02
7.372220000000000439e-01 4.626600000000000157e-02
7.269440000000000346e-01 4.749400000000000149e-02
7.147639999999999549e-01 4.883599999999999747e-02
7.024939999999999518e-01 5.007700000000000345e-02
6.920490000000000252e-01 5.105900000000000022e-02
6.797309999999999741e-01 5.215100000000000291e-02
6.691099999999999826e-01 5.304999999999999993e-02
6.565250000000000252e-01 5.408500000000000113e-02
6.431099999999999595e-01 5.515300000000000064e-02
6.329329999999999679e-01 5.593499999999999861e-02
6.193670000000000009e-01 5.693000000000000144e-02
6.065199999999999481e-01 5.781900000000000234e-02
5.953340000000000298e-01 5.854000000000000176e-02
5.822899999999999743e-01 5.931700000000000167e-02
5.710690000000000488e-01 5.992200000000000304e-02
5.578619999999999690e-01 6.055399999999999672e-02
5.466360000000000108e-01 6.102099999999999885e-02
5.333020000000000538e-01 6.148699999999999999e-02
5.193489999999999496e-01 6.187200000000000338e-02
5.086730000000000418e-01 6.209499999999999742e-02
4.947630000000000083e-01 6.229099999999999915e-02
4.813160000000000216e-01 6.237800000000000289e-02
4.702009999999999801e-01 6.237399999999999889e-02
4.567519999999999913e-01 6.227599999999999802e-02
4.457220000000000071e-01 6.212000000000000161e-02
4.323159999999999781e-01 6.183899999999999814e-02
4.186920000000000086e-01 6.146599999999999980e-02
4.080619999999999803e-01 6.112299999999999678e-02
3.945810000000000151e-01 6.063600000000000240e-02
3.840459999999999985e-01 6.022399999999999975e-02
3.707289999999999752e-01 5.967499999999999888e-02
3.576920000000000099e-01 5.911799999999999694e-02
3.471910000000000274e-01 5.866299999999999987e-02
3.343470000000000053e-01 5.810900000000000093e-02
3.215120000000000200e-01 5.756399999999999711e-02
3.114029999999999854e-01 5.713300000000000323e-02
2.988179999999999725e-01 5.657600000000000129e-02
2.889129999999999754e-01 5.611000000000000015e-02
2.766089999999999938e-01 5.548600000000000060e-02
2.644980000000000109e-01 5.480499999999999955e-02
2.549379999999999979e-01 5.421299999999999730e-02
2.431419999999999970e-01 5.340600000000000208e-02
2.315859999999999863e-01 5.252600000000000324e-02
2.223100000000000076e-01 5.175099999999999839e-02
2.112219999999999931e-01 5.074100000000000138e-02
2.022440000000000071e-01 4.985499999999999654e-02
1.915530000000000010e-01 4.873399999999999954e-02
1.808299999999999907e-01 4.754799999999999999e-02
1.726300000000000057e-01 4.660399999999999959e-02
1.623370000000000091e-01 4.537700000000000067e-02
1.544959999999999944e-01 4.441099999999999909e-02
1.446570000000000078e-01 4.315800000000000192e-02
1.353449999999999931e-01 4.193100000000000299e-02
1.278330000000000022e-01 4.090799999999999992e-02
1.190179999999999988e-01 3.966700000000000087e-02
1.102280000000000065e-01 3.838199999999999945e-02
1.036090000000000066e-01 3.737900000000000250e-02
9.534399999999999820e-02 3.607699999999999796e-02
8.915399999999999714e-02 3.506399999999999795e-02
8.143499999999999350e-02 3.374499999999999722e-02
7.423100000000000531e-02 3.245300000000000268e-02
6.853199999999999570e-02 3.138099999999999917e-02
6.189900000000000263e-02 3.007100000000000051e-02
5.666600000000000109e-02 2.897999999999999882e-02
5.061700000000000227e-02 2.764899999999999997e-02
4.475599999999999717e-02 2.626699999999999868e-02
4.041100000000000247e-02 2.517700000000000146e-02
3.516600000000000281e-02 2.376199999999999840e-02
3.032800000000000079e-02 2.234099999999999975e-02
2.669300000000000145e-02 2.117499999999999938e-02
2.247100000000000139e-02 1.969200000000000117e-02
1.935699999999999921e-02 1.847499999999999837e-02
1.576100000000000070e-02 1.690699999999999842e-02
1.257899999999999990e-02 1.530800000000000043e-02
1.022099999999999918e-02 1.395200000000000086e-02
7.697999999999999982e-03 1.225900000000000080e-02
5.866999999999999819e-03 1.081299999999999970e-02
4.000000000000000083e-03 9.025999999999999301e-03
2.413999999999999913e-03 7.089999999999999948e-03
1.495000000000000018e-03 5.624999999999999792e-03
6.030000000000000204e-04 3.631000000000000113e-03
1.279999999999999942e-04 1.691999999999999928e-03
-0.000000000000000000e+00 9.299999999999999727e-05
1.289999999999999914e-04 -1.502999999999999996e-03
6.040000000000000447e-04 -3.436999999999999951e-03
1.495000000000000018e-03 -5.421999999999999736e-03
2.410999999999999949e-03 -6.879999999999999831e-03
3.989000000000000358e-03 -8.805999999999999592e-03
5.845000000000000369e-03 -1.058599999999999992e-02
7.662000000000000408e-03 -1.203000000000000076e-02
1.016700000000000069e-02 -1.372400000000000009e-02
1.250700000000000076e-02 -1.508600000000000045e-02
1.566400000000000084e-02 -1.669400000000000051e-02
1.923199999999999910e-02 -1.827700000000000158e-02
2.232500000000000109e-02 -1.950400000000000050e-02
2.652099999999999944e-02 -2.099699999999999830e-02
3.110900000000000123e-02 -2.246400000000000133e-02
3.495299999999999796e-02 -2.358199999999999880e-02
4.018000000000000044e-02 -2.498200000000000073e-02
4.451299999999999701e-02 -2.605100000000000124e-02
5.036299999999999805e-02 -2.739400000000000168e-02
5.640400000000000275e-02 -2.867600000000000010e-02
6.163099999999999828e-02 -2.971999999999999989e-02
6.826100000000000223e-02 -3.096600000000000047e-02
7.541399999999999493e-02 -3.223499999999999976e-02
8.115899999999999503e-02 -3.320399999999999741e-02
8.887799999999999867e-02 -3.445200000000000345e-02
9.506799999999999973e-02 -3.541199999999999903e-02
1.033319999999999933e-01 -3.664900000000000102e-02
1.116309999999999941e-01 -3.784499999999999670e-02
1.187420000000000003e-01 -3.883999999999999952e-02
1.275580000000000047e-01 -4.003899999999999820e-02
1.350699999999999956e-01 -4.103500000000000203e-02
1.443820000000000103e-01 -4.223899999999999877e-02
1.542209999999999970e-01 -4.347999999999999782e-02
1.620610000000000106e-01 -4.444499999999999840e-02
1.723530000000000062e-01 -4.567899999999999738e-02
1.826180000000000025e-01 -4.686799999999999994e-02
1.912739999999999996e-01 -4.782900000000000346e-02
2.019630000000000036e-01 -4.894799999999999846e-02
2.109389999999999876e-01 -4.981300000000000311e-02
2.221200000000000119e-01 -5.077000000000000263e-02
2.335710000000000008e-01 -5.161299999999999916e-02
2.428530000000000133e-01 -5.220199999999999840e-02
2.546470000000000122e-01 -5.284200000000000008e-02
2.642039999999999944e-01 -5.328100000000000197e-02
2.763120000000000021e-01 -5.375699999999999923e-02
2.886139999999999817e-01 -5.417099999999999693e-02
2.985169999999999768e-01 -5.447599999999999665e-02
3.111010000000000164e-01 -5.485000000000000292e-02
3.237180000000000057e-01 -5.524799999999999850e-02
3.340420000000000056e-01 -5.561300000000000271e-02
3.468829999999999969e-01 -5.613800000000000040e-02
3.573810000000000042e-01 -5.660899999999999960e-02
3.704120000000000190e-01 -5.722399999999999709e-02
3.837189999999999768e-01 -5.785699999999999871e-02
3.942410000000000081e-01 -5.834199999999999803e-02
4.077020000000000088e-01 -5.892300000000000315e-02
4.209959999999999813e-01 -5.942499999999999866e-02
4.318980000000000041e-01 -5.977099999999999774e-02
4.452599999999999891e-01 -6.008800000000000252e-02
4.562470000000000137e-01 -6.025599999999999706e-02
4.696339999999999959e-01 -6.033899999999999680e-02
4.834019999999999984e-01 -6.029400000000000037e-02
4.940599999999999992e-01 -6.016699999999999826e-02
5.078799999999999981e-01 -5.989400000000000279e-02
5.212059999999999471e-01 -5.951100000000000140e-02
5.323320000000000274e-01 -5.911199999999999788e-02
5.455640000000000489e-01 -5.853799999999999976e-02
5.567020000000000302e-01 -5.797900000000000276e-02
5.698039999999999772e-01 -5.722700000000000009e-02
5.834570000000000034e-01 -5.632800000000000307e-02
5.938750000000000417e-01 -5.555100000000000315e-02
6.074509999999999632e-01 -5.441200000000000203e-02
6.203840000000000465e-01 -5.317800000000000304e-02
6.311890000000000001e-01 -5.202799999999999786e-02
6.441249999999999476e-01 -5.049399999999999722e-02
6.569869999999999877e-01 -4.879000000000000004e-02
6.677840000000000442e-01 -4.721299999999999802e-02
6.799929999999999586e-01 -4.526399999999999868e-02
6.906390000000000029e-01 -4.343799999999999745e-02
7.025780000000000358e-01 -4.127299999999999719e-02
7.154690000000000216e-01 -3.882700000000000040e-02
7.268700000000000161e-01 -3.659500000000000253e-02
7.373060000000000169e-01 -3.452100000000000307e-02
7.483880000000000532e-01 -3.230500000000000038e-02
7.585819999999999785e-01 -3.027300000000000130e-02
7.693280000000000118e-01 -2.815199999999999994e-02
7.814780000000000060e-01 -2.580100000000000102e-02
7.918669999999999876e-01 -2.384199999999999861e-02
8.014010000000000300e-01 -2.209099999999999953e-02
8.114160000000000261e-01 -2.029699999999999907e-02
8.206050000000000288e-01 -1.869300000000000128e-02
8.302289999999999948e-01 -1.705600000000000172e-02
8.390440000000000120e-01 -1.559699999999999975e-02
8.482610000000000428e-01 -1.411600000000000008e-02
8.585679999999999978e-01 -1.251700000000000035e-02
8.673469999999999791e-01 -1.120600000000000068e-02
8.752459999999999685e-01 -1.007000000000000083e-02
8.835800000000000320e-01 -8.918000000000000579e-03
8.910219999999999807e-01 -7.934000000000000080e-03
8.988960000000000283e-01 -6.942000000000000254e-03
9.072750000000000536e-01 -5.965999999999999949e-03
9.148220000000000240e-01 -5.152999999999999595e-03
9.210409999999999986e-01 -4.519999999999999712e-03
9.280709999999999793e-01 -3.850999999999999823e-03
9.337910000000000377e-01 -3.344000000000000184e-03
9.405120000000000147e-01 -2.792000000000000211e-03
9.466250000000000497e-01 -2.334999999999999836e-03
9.517160000000000064e-01 -1.988999999999999883e-03
9.571450000000000236e-01 -1.657000000000000053e-03
9.627130000000000409e-01 -1.358000000000000049e-03
9.674779999999999491e-01 -1.136999999999999990e-03
9.714669999999999694e-01 -9.749999999999999552e-04
9.756439999999999557e-01 -8.319999999999999488e-04
9.798200000000000243e-01 -7.119999999999999593e-04
9.833790000000000031e-01 -6.310000000000000504e-04
9.867489999999999872e-01 -5.689999999999999529e-04
9.896770000000000289e-01 -5.289999999999999564e-04
9.922130000000000116e-01 -5.029999999999999749e-04
9.948939999999999451e-01 -4.859999999999999954e-04
9.968939999999999468e-01 -4.809999999999999823e-04
9.985889999999999489e-01 -4.800000000000000122e-04
1.000000000000000000e+00 -4.829999999999999767e-04
1.000000000000000000e+00 -1.500000000000000038e-05
