1.000000000000000000e+00 -3.999999999999999819e-06
1.000000000000000000e+00 4.699999999999999859e-04
9.986150000000000304e-01 7.829999999999999504e-04
9.969519999999999493e-01 1.152000000000000029e-03
9.946540000000000381e-01 1.649000000000000075e-03
9.923549999999999871e-01 2.135000000000000179e-03
9.898639999999999661e-01 2.650000000000000012e-03
9.869879999999999765e-01 3.233000000000000197e-03
9.836770000000000236e-01 3.892000000000000060e-03
9.801809999999999690e-01 4.573999999999999941e-03
9.760760000000000547e-01 5.359000000000000048e-03
9.719710000000000294e-01 6.131000000000000165e-03
9.671419999999999462e-01 7.023999999999999862e-03
9.623819999999999597e-01 7.889999999999999444e-03
9.578870000000000440e-01 8.696999999999999870e-03
9.522699999999999498e-01 9.693000000000000227e-03
9.464190000000000103e-01 1.071899999999999936e-02
9.399690000000000545e-01 1.183799999999999956e-02
9.348929999999999740e-01 1.271000000000000081e-02
9.278170000000000028e-01 1.391799999999999982e-02
9.210129999999999706e-01 1.506900000000000080e-02
9.146349999999999758e-01 1.614099999999999910e-02
9.073329999999999451e-01 1.736000000000000043e-02
8.987960000000000393e-01 1.879300000000000068e-02
8.909920000000000062e-01 2.011699999999999947e-02
8.835450000000000248e-01 2.137999999999999970e-02
8.752760000000000540e-01 2.278099999999999917e-02
8.673659999999999703e-01 2.411900000000000155e-02
8.586460000000000203e-01 2.559300000000000117e-02
8.483349999999999502e-01 2.733599999999999919e-02
8.391659999999999675e-01 2.888399999999999995e-02
8.303239999999999510e-01 3.037499999999999922e-02
8.207370000000000498e-01 3.198499999999999954e-02
8.115090000000000359e-01 3.352100000000000218e-02
8.015200000000000102e-01 3.516400000000000081e-02
7.899629999999999708e-01 3.701800000000000229e-02
7.793280000000000207e-01 3.866300000000000292e-02
7.696020000000000083e-01 4.010999999999999982e-02
7.585960000000000480e-01 4.168199999999999683e-02
7.485779999999999657e-01 4.305199999999999999e-02
7.372220000000000439e-01 4.453900000000000220e-02
7.269440000000000346e-01 4.582300000000000262e-02
7.147639999999999549e-01 4.727399999999999658e-02
7.024939999999999518e-01 4.866299999999999792e-02
6.920490000000000252e-01 4.979299999999999699e-02
6.797309999999999741e-01 5.106999999999999734e-02
6.691099999999999826e-01 5.212599999999999872e-02
6.565250000000000252e-01 5.333100000000000340e-02
6.431099999999999595e-01 5.455499999999999933e-02
6.329329999999999679e-01 5.544000000000000317e-02
6.193670000000000009e-01 5.654900000000000204e-02
6.065199999999999481e-01 5.752100000000000268e-02
5.953340000000000298e-01 5.829800000000000260e-02
5.822899999999999743e-01 5.911700000000000288e-02
5.710690000000000488e-01 5.974000000000000143e-02
5.578619999999999690e-01 6.037200000000000205e-02
5.466360000000000108e-01 6.082200000000000106e-02
5.333020000000000538e-01 6.125200000000000089e-02
5.193489999999999496e-01 6.159099999999999991e-02
5.086730000000000418e-01 6.177900000000000058e-02
4.947630000000000083e-01 6.193800000000000000e-02
4.813160000000000216e-01 6.200800000000000062e-02
4.702009999999999801e-01 6.201099999999999668e-02
4.567519999999999913e-01 6.195300000000000112e-02
4.457220000000000071e-01 6.186400000000000232e-02
4.323159999999999781e-01 6.170899999999999996e-02
4.186920000000000086e-01 6.150400000000000311e-02
4.080619999999999803e-01 6.131099999999999745e-02
3.945810000000000151e-01 6.102599999999999691e-02
3.840459999999999985e-01 6.077199999999999963e-02
3.707289999999999752e-01 6.040899999999999742e-02
3.576920000000000099e-01 6.000799999999999884e-02
3.471910000000000274e-01 5.965000000000000163e-02
3.343470000000000053e-01 5.917100000000000137e-02
3.215120000000000200e-01 5.864199999999999968e-02
3.114029999999999854e-01 5.818899999999999767e-02
2.988179999999999725e-01 5.758100000000000024e-02
2.889129999999999754e-01 5.706599999999999867e-02
2.766089999999999938e-01 5.638300000000000256e-02
2.644980000000000109e-01 5.566000000000000114e-02
2.549379999999999979e-01 5.505199999999999677e-02
2.431419999999999970e-01 5.425599999999999867e-02
2.315859999999999863e-01 5.342299999999999827e-02
2.223100000000000076e-01 5.271599999999999897e-02
2.112219999999999931e-01 5.182500000000000301e-02
2.022440000000000071e-01 5.106299999999999728e-02
1.915530000000000010e-01 5.010300000000000170e-02
1.808299999999999907e-01 4.907399999999999957e-02
1.726300000000000057e-01 4.823999999999999816e-02
1.623370000000000091e-01 4.712700000000000222e-02
1.544959999999999944e-01 4.622699999999999726e-02
1.446570000000000078e-01 4.502899999999999958e-02
1.353449999999999931e-01 4.382300000000000084e-02
1.278330000000000022e-01 4.279299999999999771e-02
1.190179999999999988e-01 4.151900000000000035e-02
1.102280000000000065e-01 4.017099999999999838e-02
1.036090000000000066e-01 3.910399999999999987e-02
9.534399999999999820e-02 3.769900000000000334e-02
8.915399999999999714e-02 3.659300000000000053e-02
8.143499999999999350e-02 3.513899999999999663e-02
7.423100000000000531e-02 3.370499999999999885e-02
6.853199999999999570e-02 3.250800000000000217e-02
6.189900000000000263e-02 3.104099999999999915e-02
5.666600000000000109e-02 2.981699999999999975e-02
5.061700000000000227e-02 2.832300000000000095e-02
4.475599999999999717e-02 2.677699999999999872e-02
4.041100000000000247e-02 2.556100000000000039e-02
3.516600000000000281e-02 2.399000000000000091e-02
3.032800000000000079e-02 2.242500000000000049e-02
2.669300000000000145e-02 2.115200000000000066e-02
2.247100000000000139e-02 1.954699999999999840e-02
1.935699999999999921e-02 1.824599999999999833e-02
1.576100000000000070e-02 1.659000000000000058e-02
1.257899999999999990e-02 1.492600000000000003e-02
1.022099999999999918e-02 1.353299999999999989e-02
7.697999999999999982e-03 1.181800000000000038e-02
5.866999999999999819e-03 1.037300000000000028e-02
4.000000000000000083e-03 8.609000000000000333e-03
2.413999999999999913e-03 6.723999999999999942e-03
1.495000000000000018e-03 5.311999999999999882e-03
6.030000000000000204e-04 3.406999999999999872e-03
1.279999999999999942e-04 1.572000000000000047e-03
-0.000000000000000000e+00 6.700000000000000226e-05
1.289999999999999914e-04 -1.428999999999999932e-03
6.040000000000000447e-04 -3.235000000000000028e-03
1.495000000000000018e-03 -5.087000000000000376e-03
2.410999999999999949e-03 -6.447999999999999739e-03
3.989000000000000358e-03 -8.248000000000000123e-03
5.845000000000000369e-03 -9.915999999999999467e-03
7.662000000000000408e-03 -1.127500000000000030e-02
1.016700000000000069e-02 -1.287400000000000003e-02
1.250700000000000076e-02 -1.416599999999999977e-02
1.566400000000000084e-02 -1.569900000000000115e-02
1.923199999999999910e-02 -1.721599999999999867e-02
2.232500000000000109e-02 -1.839700000000000016e-02
2.652099999999999944e-02 -1.984100000000000100e-02
3.110900000000000123e-02 -2.126499999999999918e-02
3.495299999999999796e-02 -2.235499999999999987e-02
4.018000000000000044e-02 -2.372399999999999856e-02
4.451299999999999701e-02 -2.477199999999999888e-02
5.036299999999999805e-02 -2.609099999999999961e-02
5.640400000000000275e-02 -2.735299999999999884e-02
6.163099999999999828e-02 -2.838299999999999851e-02
6.826100000000000223e-02 -2.961300000000000043e-02
7.541399999999999493e-02 -3.086900000000000061e-02
8.115899999999999503e-02 -3.182800000000000212e-02
8.887799999999999867e-02 -3.306599999999999817e-02
9.506799999999999973e-02 -3.401900000000000063e-02
1.033319999999999933e-01 -3.524999999999999661e-02
1.116309999999999941e-01 -3.644300000000000317e-02
1.187420000000000003e-01 -3.743900000000000006e-02
1.275580000000000047e-01 -3.864100000000000174e-02
1.350699999999999956e-01 -3.964299999999999768e-02
1.443820000000000103e-01 -4.085799999999999849e-02
1.542209999999999970e-01 -4.211399999999999866e-02
1.620610000000000106e-01 -4.309400000000000036e-02
1.723530000000000062e-01 -4.435000000000000053e-02
1.826180000000000025e-01 -4.556099999999999733e-02
1.912739999999999996e-01 -4.653899999999999704e-02
2.019630000000000036e-01 -4.767500000000000210e-02
2.109389999999999876e-01 -4.854699999999999988e-02
2.221200000000000119e-01 -4.950299999999999839e-02
2.335710000000000008e-01 -5.033399999999999680e-02
2.428530000000000133e-01 -5.090599999999999986e-02
2.546470000000000122e-01 -5.152000000000000329e-02
2.642039999999999944e-01 -5.193899999999999906e-02
2.763120000000000021e-01 -5.239499999999999713e-02
2.886139999999999817e-01 -5.279999999999999971e-02
2.985169999999999768e-01 -5.311300000000000049e-02
3.111010000000000164e-01 -5.352599999999999719e-02
3.237180000000000057e-01 -5.400300000000000239e-02
3.340420000000000056e-01 -5.446899999999999659e-02
3.468829999999999969e-01 -5.516599999999999976e-02
3.573810000000000042e-01 -5.580800000000000344e-02
3.704120000000000190e-01 -5.665699999999999903e-02
3.837189999999999768e-01 -5.753699999999999787e-02
3.942410000000000081e-01 -5.821099999999999886e-02
4.077020000000000088e-01 -5.900699999999999695e-02
4.209959999999999813e-01 -5.967800000000000188e-02
4.318980000000000041e-01 -6.011400000000000077e-02
4.452599999999999891e-01 -6.046800000000000092e-02
4.562470000000000137e-01 -6.059599999999999709e-02
4.696339999999999959e-01 -6.055900000000000172e-02
4.834019999999999984e-01 -6.033100000000000268e-02
4.940599999999999992e-01 -6.003399999999999709e-02
5.078799999999999981e-01 -5.952400000000000052e-02
5.212059999999999471e-01 -5.891500000000000209e-02
5.323320000000000274e-01 -5.834500000000000103e-02
5.455640000000000489e-01 -5.760599999999999749e-02
5.567020000000000302e-01 -5.695599999999999968e-02
5.698039999999999772e-01 -5.616000000000000159e-02
5.834570000000000034e-01 -5.528299999999999881e-02
5.938750000000000417e-01 -5.455900000000000333e-02
6.074509999999999632e-01 -5.352799999999999919e-02
6.203840000000000465e-01 -5.242600000000000038e-02
6.311890000000000001e-01 -5.139900000000000024e-02
6.441249999999999476e-01 -5.002000000000000196e-02
6.569869999999999877e-01 -4.846600000000000213e-02
6.677840000000000442e-01 -4.700399999999999717e-02
6.799929999999999586e-01 -4.516900000000000082e-02
6.906390000000000029e-01 -4.342499999999999832e-02
7.025780000000000358e-01 -4.133599999999999774e-02
7.154690000000000216e-01 -3.895400000000000251e-02
7.268700000000000161e-01 -3.676499999999999907e-02
7.373060000000000169e-01 -3.471899999999999986e-02
7.483880000000000532e-01 -3.252100000000000130e-02
7.585819999999999785e-01 -3.049599999999999880e-02
7.693280000000000118e-01 -2.837500000000000092e-02
7.814780000000000060e-01 -2.601099999999999940e-02
7.918669999999999876e-01 -2.403100000000000028e-02
8.014010000000000300e-01 -2.225500000000000048e-02
8.114160000000000261e-01 -2.042899999999999924e-02
8.206050000000000288e-01 -1.879400000000000168e-02
8.302289999999999948e-01 -1.712100000000000080e-02
8.390440000000000120e-01 -1.562900000000000053e-02
8.482610000000000428e-01 -1.411300000000000054e-02
8.585679999999999978e-01 -1.247499999999999998e-02
8.673469999999999791e-01 -1.113199999999999953e-02
8.752459999999999685e-01 -9.967999999999999430e-03
8.835800000000000320e-01 -8.786999999999999672e-03
8.910219999999999807e-01 -7.779000000000000324e-03
8.988960000000000283e-01 -6.764000000000000047e-03
9.072750000000000536e-01 -5.765000000000000159e-03
9.148220000000000240e-01 -4.935000000000000150e-03
9.210409999999999986e-01 -4.291999999999999808e-03
9.280709999999999793e-01 -3.612999999999999892e-03
9.337910000000000377e-01 -3.101000000000000024e-03
9.405120000000000147e-01 -2.547999999999999918e-03
9.466250000000000497e-01 -2.092999999999999809e-03
9.517160000000000064e-01 -1.752000000000000085e-03
9.571450000000000236e-01 -1.428999999999999932e-03
9.627130000000000409e-01 -1.142000000000000003e-03
9.674779999999999491e-01 -9.359999999999999831e-04
9.714669999999999694e-01 -7.889999999999999878e-04
9.756439999999999557e-01 -6.639999999999999852e-04
9.798200000000000243e-01 -5.649999999999999641e-04
9.833790000000000031e-01 -5.039999999999999992e-04
9.867489999999999872e-01 -4.629999999999999784e-04
9.896770000000000289e-01 -4.429999999999999802e-04
9.922130000000000116e-01 -4.350000000000000026e-04
9.948939999999999451e-01 -4.380000000000000213e-04
9.968939999999999468e-01 -4.490000000000000176e-04
9.985889999999999489e-01 -4.629999999999999784e-04
1.000000000000000000e+00 -4.780000000000000178e-04
1.000000000000000000e+00 -3.999999999999999819e-06
