1.000000000000000000e+00 8.799999999999999771e-05
1.000000000000000000e+00 4.510000000000000120e-04
9.986150000000000304e-01 8.679999999999999565e-04
9.969519999999999493e-01 1.361999999999999929e-03
9.946540000000000381e-01 2.031999999999999952e-03
9.923549999999999871e-01 2.690000000000000117e-03
9.898639999999999661e-01 3.389999999999999784e-03
9.869879999999999765e-01 4.183000000000000086e-03
9.836770000000000236e-01 5.078000000000000048e-03
9.801809999999999690e-01 6.002999999999999656e-03
9.760760000000000547e-01 7.065000000000000099e-03
9.719710000000000294e-01 8.101999999999999827e-03
9.671419999999999462e-01 9.289999999999999647e-03
9.623819999999999597e-01 1.043000000000000003e-02
9.578870000000000440e-01 1.147800000000000036e-02
9.522699999999999498e-01 1.275100000000000018e-02
9.464190000000000103e-01 1.403399999999999960e-02
9.399690000000000545e-01 1.539800000000000023e-02
9.348929999999999740e-01 1.643400000000000069e-02
9.278170000000000028e-01 1.782500000000000057e-02
9.210129999999999706e-01 1.910399999999999945e-02
9.146349999999999758e-01 2.024899999999999964e-02
9.073329999999999451e-01 2.149600000000000122e-02
8.987960000000000393e-01 2.288099999999999856e-02
8.909920000000000062e-01 2.408499999999999877e-02
8.835450000000000248e-01 2.516699999999999840e-02
8.752760000000000540e-01 2.629199999999999940e-02
8.673659999999999703e-01 2.729600000000000082e-02
8.586460000000000203e-01 2.832399999999999848e-02
8.483349999999999502e-01 2.944499999999999895e-02
8.391659999999999675e-01 3.037099999999999869e-02
8.303239999999999510e-01 3.121799999999999922e-02
8.207370000000000498e-01 3.211200000000000165e-02
8.115090000000000359e-01 3.297900000000000137e-02
8.015200000000000102e-01 3.397700000000000026e-02
7.899629999999999708e-01 3.528799999999999992e-02
7.793280000000000207e-01 3.672600000000000170e-02
7.696020000000000083e-01 3.824500000000000122e-02
7.585960000000000480e-01 4.016700000000000131e-02
7.485779999999999657e-01 4.206300000000000316e-02
7.372220000000000439e-01 4.432200000000000029e-02
7.269440000000000346e-01 4.639900000000000274e-02
7.147639999999999549e-01 4.880000000000000310e-02
7.024939999999999518e-01 5.101900000000000185e-02
6.920490000000000252e-01 5.263199999999999823e-02
6.797309999999999741e-01 5.406199999999999894e-02
6.691099999999999826e-01 5.476000000000000312e-02
6.565250000000000252e-01 5.482599999999999973e-02
6.431099999999999595e-01 5.409100000000000019e-02
6.329329999999999679e-01 5.310800000000000243e-02
6.193670000000000009e-01 5.140299999999999730e-02
6.065199999999999481e-01 4.956200000000000189e-02
5.953340000000000298e-01 4.793200000000000238e-02
5.822899999999999743e-01 4.617999999999999883e-02
5.710690000000000488e-01 4.494800000000000184e-02
5.578619999999999690e-01 4.401299999999999657e-02
5.466360000000000108e-01 4.378499999999999753e-02
5.333020000000000538e-01 4.413700000000000262e-02
5.193489999999999496e-01 4.503900000000000264e-02
5.086730000000000418e-01 4.596800000000000191e-02
4.947630000000000083e-01 4.731899999999999995e-02
4.813160000000000216e-01 4.859299999999999731e-02
4.702009999999999801e-01 4.948799999999999727e-02
4.567519999999999913e-01 5.021599999999999675e-02
4.457220000000000071e-01 5.040200000000000236e-02
4.323159999999999781e-01 5.002100000000000296e-02
4.186920000000000086e-01 4.910699999999999787e-02
4.080619999999999803e-01 4.818399999999999767e-02
3.945810000000000151e-01 4.694700000000000262e-02
3.840459999999999985e-01 4.606999999999999984e-02
3.707289999999999752e-01 4.526499999999999968e-02
3.576920000000000099e-01 4.500900000000000040e-02
3.471910000000000274e-01 4.532900000000000124e-02
3.343470000000000053e-01 4.653100000000000291e-02
3.215120000000000200e-01 4.874300000000000160e-02
3.114029999999999854e-01 5.104000000000000203e-02
2.988179999999999725e-01 5.427699999999999886e-02
2.889129999999999754e-01 5.690599999999999825e-02
2.766089999999999938e-01 6.001599999999999990e-02
2.644980000000000109e-01 6.266599999999999948e-02
2.549379999999999979e-01 6.432499999999999329e-02
2.431419999999999970e-01 6.570900000000000352e-02
2.315859999999999863e-01 6.623999999999999333e-02
2.223100000000000076e-01 6.601500000000000423e-02
2.112219999999999931e-01 6.493799999999999573e-02
2.022440000000000071e-01 6.343899999999999539e-02
1.915530000000000010e-01 6.110600000000000059e-02
1.808299999999999907e-01 5.837500000000000328e-02
1.726300000000000057e-01 5.613599999999999840e-02
1.623370000000000091e-01 5.324399999999999966e-02
1.544959999999999944e-01 5.103300000000000197e-02
1.446570000000000078e-01 4.830199999999999771e-02
1.353449999999999931e-01 4.579799999999999843e-02
1.278330000000000022e-01 4.385200000000000209e-02
1.190179999999999988e-01 4.166700000000000265e-02
1.102280000000000065e-01 3.960000000000000325e-02
1.036090000000000066e-01 3.812000000000000111e-02
9.534399999999999820e-02 3.636199999999999849e-02
8.915399999999999714e-02 3.511000000000000232e-02
8.143499999999999350e-02 3.361900000000000305e-02
7.423100000000000531e-02 3.229300000000000226e-02
6.853199999999999570e-02 3.128000000000000225e-02
6.189900000000000263e-02 3.013199999999999906e-02
5.666600000000000109e-02 2.923800000000000010e-02
5.061700000000000227e-02 2.820699999999999943e-02
4.475599999999999717e-02 2.718500000000000083e-02
4.041100000000000247e-02 2.640100000000000086e-02
3.516600000000000281e-02 2.538899999999999837e-02
3.032800000000000079e-02 2.436500000000000124e-02
2.669300000000000145e-02 2.350100000000000106e-02
2.247100000000000139e-02 2.235799999999999940e-02
1.935699999999999921e-02 2.136899999999999911e-02
1.576100000000000070e-02 2.002200000000000160e-02
1.257899999999999990e-02 1.854799999999999852e-02
1.022099999999999918e-02 1.721699999999999967e-02
7.697999999999999982e-03 1.545299999999999972e-02
5.866999999999999819e-03 1.386100000000000006e-02
4.000000000000000083e-03 1.179200000000000040e-02
2.413999999999999913e-03 9.443000000000000005e-03
1.495000000000000018e-03 7.603000000000000383e-03
6.030000000000000204e-04 5.035000000000000413e-03
1.279999999999999942e-04 2.491999999999999858e-03
-0.000000000000000000e+00 3.809999999999999910e-04
1.289999999999999914e-04 -1.721000000000000090e-03
6.040000000000000447e-04 -4.237999999999999580e-03
1.495000000000000018e-03 -6.756999999999999985e-03
2.410999999999999949e-03 -8.548000000000000043e-03
3.989000000000000358e-03 -1.081200000000000043e-02
5.845000000000000369e-03 -1.277900000000000043e-02
7.662000000000000408e-03 -1.426900000000000043e-02
1.016700000000000069e-02 -1.588300000000000128e-02
1.250700000000000076e-02 -1.706500000000000031e-02
1.566400000000000084e-02 -1.831999999999999948e-02
1.923199999999999910e-02 -1.939600000000000005e-02
2.232500000000000109e-02 -2.012100000000000000e-02
2.652099999999999944e-02 -2.086899999999999866e-02
3.110900000000000123e-02 -2.146599999999999897e-02
3.495299999999999796e-02 -2.182800000000000018e-02
4.018000000000000044e-02 -2.217699999999999880e-02
4.451299999999999701e-02 -2.236499999999999946e-02
5.036299999999999805e-02 -2.251699999999999882e-02
5.640400000000000275e-02 -2.257800000000000085e-02
6.163099999999999828e-02 -2.257699999999999985e-02
6.826100000000000223e-02 -2.251999999999999835e-02
7.541399999999999493e-02 -2.241500000000000090e-02
8.115899999999999503e-02 -2.230800000000000144e-02
8.887799999999999867e-02 -2.214999999999999955e-02
9.506799999999999973e-02 -2.201699999999999838e-02
1.033319999999999933e-01 -2.184900000000000037e-02
1.116309999999999941e-01 -2.170000000000000054e-02
1.187420000000000003e-01 -2.159900000000000014e-02
1.275580000000000047e-01 -2.152000000000000093e-02
1.350699999999999956e-01 -2.150399999999999881e-02
1.443820000000000103e-01 -2.156699999999999937e-02
1.542209999999999970e-01 -2.175600000000000103e-02
1.620610000000000106e-01 -2.201499999999999985e-02
1.723530000000000062e-01 -2.252900000000000041e-02
1.826180000000000025e-01 -2.326900000000000149e-02
1.912739999999999996e-01 -2.409100000000000130e-02
2.019630000000000036e-01 -2.538100000000000078e-02
2.109389999999999876e-01 -2.670900000000000010e-02
2.221200000000000119e-01 -2.866900000000000004e-02
2.335710000000000008e-01 -3.101100000000000037e-02
2.428530000000000133e-01 -3.313499999999999779e-02
2.546470000000000122e-01 -3.608999999999999708e-02
2.642039999999999944e-01 -3.865400000000000086e-02
2.763120000000000021e-01 -4.205699999999999716e-02
2.886139999999999817e-01 -4.559400000000000258e-02
2.985169999999999768e-01 -4.841899999999999676e-02
3.111010000000000164e-01 -5.185700000000000032e-02
3.237180000000000057e-01 -5.499199999999999922e-02
3.340420000000000056e-01 -5.720999999999999697e-02
3.468829999999999969e-01 -5.943400000000000072e-02
3.573810000000000042e-01 -6.079899999999999888e-02
3.704120000000000190e-01 -6.192799999999999694e-02
3.837189999999999768e-01 -6.243200000000000138e-02
3.942410000000000081e-01 -6.236499999999999683e-02
4.077020000000000088e-01 -6.168099999999999972e-02
4.209959999999999813e-01 -6.034500000000000280e-02
4.318980000000000041e-01 -5.876300000000000273e-02
4.452599999999999891e-01 -5.622800000000000020e-02
4.562470000000000137e-01 -5.368499999999999661e-02
4.696339999999999959e-01 -5.017300000000000232e-02
4.834019999999999984e-01 -4.630900000000000294e-02
4.940599999999999992e-01 -4.328400000000000303e-02
5.078799999999999981e-01 -3.951699999999999657e-02
5.212059999999999471e-01 -3.624700000000000144e-02
5.323320000000000274e-01 -3.394799999999999901e-02
5.455640000000000489e-01 -3.189299999999999774e-02
5.567020000000000302e-01 -3.087700000000000167e-02
5.698039999999999772e-01 -3.059600000000000167e-02
5.834570000000000034e-01 -3.117800000000000085e-02
5.938750000000000417e-01 -3.207200000000000328e-02
6.074509999999999632e-01 -3.363000000000000017e-02
6.203840000000000465e-01 -3.532500000000000223e-02
6.311890000000000001e-01 -3.675199999999999995e-02
6.441249999999999476e-01 -3.829699999999999771e-02
6.569869999999999877e-01 -3.947699999999999820e-02
6.677840000000000442e-01 -4.005299999999999833e-02
6.799929999999999586e-01 -4.014299999999999813e-02
6.906390000000000029e-01 -3.973899999999999655e-02
7.025780000000000358e-01 -3.878899999999999709e-02
7.154690000000000216e-01 -3.722600000000000214e-02
7.268700000000000161e-01 -3.543199999999999822e-02
7.373060000000000169e-01 -3.349800000000000000e-02
7.483880000000000532e-01 -3.118100000000000038e-02
7.585819999999999785e-01 -2.885000000000000064e-02
7.693280000000000118e-01 -2.622199999999999878e-02
7.814780000000000060e-01 -2.307999999999999982e-02
7.918669999999999876e-01 -2.028100000000000042e-02
8.014010000000000300e-01 -1.766799999999999968e-02
8.114160000000000261e-01 -1.494499999999999995e-02
8.206050000000000288e-01 -1.252099999999999914e-02
8.302289999999999948e-01 -1.009999999999999960e-02
8.390440000000000120e-01 -8.016000000000000555e-03
8.482610000000000428e-01 -5.991999999999999930e-03
8.585679999999999978e-01 -3.936000000000000262e-03
8.673469999999999791e-01 -2.364000000000000216e-03
8.752459999999999685e-01 -1.097000000000000102e-03
8.835800000000000320e-01 9.000000000000000567e-05
8.910219999999999807e-01 1.015000000000000060e-03
8.988960000000000283e-01 1.855000000000000095e-03
9.072750000000000536e-01 2.576000000000000165e-03
9.148220000000000240e-01 3.078000000000000007e-03
9.210409999999999986e-01 3.396999999999999846e-03
9.280709999999999793e-01 3.651999999999999864e-03
9.337910000000000377e-01 3.776999999999999975e-03
9.405120000000000147e-01 3.830000000000000071e-03
9.466250000000000497e-01 3.788000000000000134e-03
9.517160000000000064e-01 3.687000000000000173e-03
9.571450000000000236e-01 3.513000000000000064e-03
9.627130000000000409e-01 3.262000000000000142e-03
9.674779999999999491e-01 2.988999999999999903e-03
9.714669999999999694e-01 2.720000000000000195e-03
9.756439999999999557e-01 2.396000000000000126e-03
9.798200000000000243e-01 2.033999999999999784e-03
9.833790000000000031e-01 1.693000000000000060e-03
9.867489999999999872e-01 1.343999999999999926e-03
9.896770000000000289e-01 1.020000000000000073e-03
9.922130000000000116e-01 7.240000000000000342e-04
9.948939999999999451e-01 3.959999999999999762e-04
9.968939999999999468e-01 1.399999999999999877e-04
9.985889999999999489e-01 -8.299999999999999815e-05
1.000000000000000000e+00 -2.739999999999999923e-04
1.000000000000000000e+00 8.799999999999999771e-05
