1.000000000000000000e+00 8.700000000000000051e-05
1.000000000000000000e+00 4.560000000000000251e-04
9.986150000000000304e-01 8.729999999999999696e-04
9.969519999999999493e-01 1.366999999999999943e-03
9.946540000000000381e-01 2.036000000000000049e-03
9.923549999999999871e-01 2.694999999999999913e-03
9.898639999999999661e-01 3.396999999999999846e-03
9.869879999999999765e-01 4.193999999999999811e-03
9.836770000000000236e-01 5.094999999999999703e-03
9.801809999999999690e-01 6.030999999999999903e-03
9.760760000000000547e-01 7.108999999999999868e-03
9.719710000000000294e-01 8.165999999999999648e-03
9.671419999999999462e-01 9.386000000000000246e-03
9.623819999999999597e-01 1.056299999999999947e-02
9.578870000000000440e-01 1.165300000000000016e-02
9.522699999999999498e-01 1.298700000000000028e-02
9.464190000000000103e-01 1.434500000000000011e-02
9.399690000000000545e-01 1.580499999999999960e-02
9.348929999999999740e-01 1.692600000000000007e-02
9.278170000000000028e-01 1.845000000000000112e-02
9.210129999999999706e-01 1.986900000000000124e-02
9.146349999999999758e-01 2.116099999999999925e-02
9.073329999999999451e-01 2.258900000000000144e-02
8.987960000000000393e-01 2.420399999999999982e-02
8.909920000000000062e-01 2.563400000000000054e-02
8.835450000000000248e-01 2.694200000000000067e-02
8.752760000000000540e-01 2.832799999999999901e-02
8.673659999999999703e-01 2.958399999999999919e-02
8.586460000000000203e-01 3.088899999999999979e-02
8.483349999999999502e-01 3.232199999999999657e-02
8.391659999999999675e-01 3.349400000000000294e-02
8.303239999999999510e-01 3.453300000000000120e-02
8.207370000000000498e-01 3.556000000000000133e-02
8.115090000000000359e-01 3.645299999999999929e-02
8.015200000000000102e-01 3.732400000000000301e-02
7.899629999999999708e-01 3.822300000000000003e-02
7.793280000000000207e-01 3.897099999999999870e-02
7.696020000000000083e-01 3.959499999999999825e-02
7.585960000000000480e-01 4.022900000000000087e-02
7.485779999999999657e-01 4.073700000000000238e-02
7.372220000000000439e-01 4.123299999999999882e-02
7.269440000000000346e-01 4.160599999999999715e-02
7.147639999999999549e-01 4.195600000000000024e-02
7.024939999999999518e-01 4.220900000000000346e-02
6.920490000000000252e-01 4.234799999999999676e-02
6.797309999999999741e-01 4.242599999999999844e-02
6.691099999999999826e-01 4.242300000000000237e-02
6.565250000000000252e-01 4.234399999999999969e-02
6.431099999999999595e-01 4.219599999999999740e-02
6.329329999999999679e-01 4.206300000000000316e-02
6.193670000000000009e-01 4.188299999999999662e-02
6.065199999999999481e-01 4.174200000000000133e-02
5.953340000000000298e-01 4.166399999999999965e-02
5.822899999999999743e-01 4.165499999999999758e-02
5.710690000000000488e-01 4.174100000000000033e-02
5.578619999999999690e-01 4.198099999999999749e-02
5.466360000000000108e-01 4.232600000000000251e-02
5.333020000000000538e-01 4.289099999999999857e-02
5.193489999999999496e-01 4.362900000000000111e-02
5.086730000000000418e-01 4.426900000000000279e-02
4.947630000000000083e-01 4.517100000000000282e-02
4.813160000000000216e-01 4.608099999999999696e-02
4.702009999999999801e-01 4.683699999999999669e-02
4.567519999999999913e-01 4.772400000000000253e-02
4.457220000000000071e-01 4.840499999999999664e-02
4.323159999999999781e-01 4.914999999999999925e-02
4.186920000000000086e-01 4.982199999999999823e-02
4.080619999999999803e-01 5.029600000000000043e-02
3.945810000000000151e-01 5.084799999999999737e-02
3.840459999999999985e-01 5.124800000000000189e-02
3.707289999999999752e-01 5.172800000000000314e-02
3.576920000000000099e-01 5.218300000000000022e-02
3.471910000000000274e-01 5.254799999999999749e-02
3.343470000000000053e-01 5.300300000000000150e-02
3.215120000000000200e-01 5.347099999999999770e-02
3.114029999999999854e-01 5.381799999999999778e-02
2.988179999999999725e-01 5.417099999999999693e-02
2.889129999999999754e-01 5.435399999999999954e-02
2.766089999999999938e-01 5.442500000000000115e-02
2.644980000000000109e-01 5.428899999999999698e-02
2.549379999999999979e-01 5.401799999999999657e-02
2.431419999999999970e-01 5.346700000000000064e-02
2.315859999999999863e-01 5.267999999999999766e-02
2.223100000000000076e-01 5.186600000000000238e-02
2.112219999999999931e-01 5.067800000000000082e-02
2.022440000000000071e-01 4.955600000000000283e-02
1.915530000000000010e-01 4.809100000000000180e-02
1.808299999999999907e-01 4.653600000000000098e-02
1.726300000000000057e-01 4.531799999999999717e-02
1.623370000000000091e-01 4.377500000000000141e-02
1.544959999999999944e-01 4.259899999999999798e-02
1.446570000000000078e-01 4.112999999999999989e-02
1.353449999999999931e-01 3.975000000000000061e-02
1.278330000000000022e-01 3.864499999999999880e-02
1.190179999999999988e-01 3.735700000000000132e-02
1.102280000000000065e-01 3.607799999999999896e-02
1.036090000000000066e-01 3.511800000000000338e-02
9.534399999999999820e-02 3.391500000000000070e-02
8.915399999999999714e-02 3.300999999999999768e-02
8.143499999999999350e-02 3.186699999999999949e-02
7.423100000000000531e-02 3.078300000000000133e-02
6.853199999999999570e-02 2.990500000000000103e-02
6.189900000000000263e-02 2.885400000000000117e-02
5.666600000000000109e-02 2.799099999999999852e-02
5.061700000000000227e-02 2.694900000000000073e-02
4.475599999999999717e-02 2.587300000000000016e-02
4.041100000000000247e-02 2.502199999999999910e-02
3.516600000000000281e-02 2.390799999999999870e-02
3.032800000000000079e-02 2.277200000000000057e-02
2.669300000000000145e-02 2.181900000000000159e-02
2.247100000000000139e-02 2.057399999999999854e-02
1.935699999999999921e-02 1.952100000000000016e-02
1.576100000000000070e-02 1.811799999999999869e-02
1.257899999999999990e-02 1.662900000000000142e-02
1.022099999999999918e-02 1.532099999999999955e-02
7.697999999999999982e-03 1.363100000000000075e-02
5.866999999999999819e-03 1.213900000000000048e-02
4.000000000000000083e-03 1.024300000000000037e-02
2.413999999999999913e-03 8.134000000000000605e-03
1.495000000000000018e-03 6.505999999999999631e-03
6.030000000000000204e-04 4.262000000000000163e-03
1.279999999999999942e-04 2.063999999999999863e-03
-0.000000000000000000e+00 2.519999999999999996e-04
1.289999999999999914e-04 -1.546000000000000065e-03
6.040000000000000447e-04 -3.693000000000000102e-03
1.495000000000000018e-03 -5.845000000000000369e-03
2.410999999999999949e-03 -7.380000000000000275e-03
3.989000000000000358e-03 -9.332999999999999283e-03
5.845000000000000369e-03 -1.105100000000000006e-02
7.662000000000000408e-03 -1.237199999999999932e-02
1.016700000000000069e-02 -1.383299999999999981e-02
1.250700000000000076e-02 -1.493300000000000009e-02
1.566400000000000084e-02 -1.614300000000000110e-02
1.923199999999999910e-02 -1.723799999999999985e-02
2.232500000000000109e-02 -1.802499999999999936e-02
2.652099999999999944e-02 -1.890899999999999873e-02
3.110900000000000123e-02 -1.970799999999999982e-02
3.495299999999999796e-02 -2.027699999999999989e-02
4.018000000000000044e-02 -2.094999999999999987e-02
4.451299999999999701e-02 -2.144100000000000172e-02
5.036299999999999805e-02 -2.204499999999999862e-02
5.640400000000000275e-02 -2.261799999999999922e-02
6.163099999999999828e-02 -2.309699999999999948e-02
6.826100000000000223e-02 -2.369399999999999978e-02
7.541399999999999493e-02 -2.434899999999999912e-02
8.115899999999999503e-02 -2.489200000000000093e-02
8.887799999999999867e-02 -2.566200000000000078e-02
9.506799999999999973e-02 -2.631999999999999965e-02
1.033319999999999933e-01 -2.726800000000000057e-02
1.116309999999999941e-01 -2.830699999999999883e-02
1.187420000000000003e-01 -2.927599999999999994e-02
1.275580000000000047e-01 -3.058200000000000154e-02
1.350699999999999956e-01 -3.179400000000000281e-02
1.443820000000000103e-01 -3.342500000000000332e-02
1.542209999999999970e-01 -3.530699999999999811e-02
1.620610000000000106e-01 -3.691900000000000043e-02
1.723530000000000062e-01 -3.917500000000000149e-02
1.826180000000000025e-01 -4.155400000000000066e-02
1.912739999999999996e-01 -4.362400000000000305e-02
2.019630000000000036e-01 -4.618799999999999989e-02
2.109389999999999876e-01 -4.826899999999999941e-02
2.221200000000000119e-01 -5.064899999999999958e-02
2.335710000000000008e-01 -5.279600000000000265e-02
2.428530000000000133e-01 -5.430999999999999717e-02
2.546470000000000122e-01 -5.593100000000000155e-02
2.642039999999999944e-01 -5.698799999999999699e-02
2.763120000000000021e-01 -5.798899999999999888e-02
2.886139999999999817e-01 -5.861199999999999743e-02
2.985169999999999768e-01 -5.882699999999999735e-02
3.111010000000000164e-01 -5.873199999999999948e-02
3.237180000000000057e-01 -5.824399999999999716e-02
3.340420000000000056e-01 -5.756399999999999711e-02
3.468829999999999969e-01 -5.641299999999999787e-02
3.573810000000000042e-01 -5.527200000000000168e-02
3.704120000000000190e-01 -5.368699999999999861e-02
3.837189999999999768e-01 -5.197000000000000230e-02
3.942410000000000081e-01 -5.061100000000000321e-02
4.077020000000000088e-01 -4.896500000000000158e-02
4.209959999999999813e-01 -4.754300000000000193e-02
4.318980000000000041e-01 -4.660700000000000259e-02
4.452599999999999891e-01 -4.583600000000000174e-02
4.562470000000000137e-01 -4.556500000000000133e-02
4.696339999999999959e-01 -4.560999999999999777e-02
4.834019999999999984e-01 -4.598700000000000010e-02
4.940599999999999992e-01 -4.643100000000000005e-02
5.078799999999999981e-01 -4.711599999999999816e-02
5.212059999999999471e-01 -4.778700000000000309e-02
5.323320000000000274e-01 -4.828299999999999953e-02
5.455640000000000489e-01 -4.869899999999999923e-02
5.567020000000000302e-01 -4.883799999999999947e-02
5.698039999999999772e-01 -4.868700000000000111e-02
5.834570000000000034e-01 -4.820100000000000079e-02
5.938750000000000417e-01 -4.762700000000000267e-02
6.074509999999999632e-01 -4.665400000000000102e-02
6.203840000000000465e-01 -4.552199999999999996e-02
6.311890000000000001e-01 -4.445199999999999846e-02
6.441249999999999476e-01 -4.305099999999999899e-02
6.569869999999999877e-01 -4.156200000000000172e-02
6.677840000000000442e-01 -4.026600000000000318e-02
6.799929999999999586e-01 -3.876099999999999685e-02
6.906390000000000029e-01 -3.739100000000000062e-02
7.025780000000000358e-01 -3.575799999999999812e-02
7.154690000000000216e-01 -3.384399999999999908e-02
7.268700000000000161e-01 -3.199799999999999867e-02
7.373060000000000169e-01 -3.017099999999999990e-02
7.483880000000000532e-01 -2.807899999999999979e-02
7.585819999999999785e-01 -2.601699999999999846e-02
7.693280000000000118e-01 -2.370200000000000085e-02
7.814780000000000060e-01 -2.091600000000000056e-02
7.918669999999999876e-01 -1.839999999999999969e-02
8.014010000000000300e-01 -1.602200000000000152e-02
8.114160000000000261e-01 -1.352000000000000077e-02
8.206050000000000288e-01 -1.127700000000000057e-02
8.302289999999999948e-01 -9.022999999999999771e-03
8.390440000000000120e-01 -7.074999999999999692e-03
8.482610000000000428e-01 -5.178000000000000311e-03
8.585679999999999978e-01 -3.246000000000000187e-03
8.673469999999999791e-01 -1.768999999999999956e-03
8.752459999999999685e-01 -5.779999999999999548e-04
8.835800000000000320e-01 5.339999999999999695e-04
8.910219999999999807e-01 1.397999999999999937e-03
8.988960000000000283e-01 2.177999999999999815e-03
9.072750000000000536e-01 2.838999999999999944e-03
9.148220000000000240e-01 3.291000000000000088e-03
9.210409999999999986e-01 3.570999999999999956e-03
9.280709999999999793e-01 3.785999999999999869e-03
9.337910000000000377e-01 3.880999999999999901e-03
9.405120000000000147e-01 3.899999999999999821e-03
9.466250000000000497e-01 3.831999999999999903e-03
9.517160000000000064e-01 3.712000000000000022e-03
9.571450000000000236e-01 3.518999999999999993e-03
9.627130000000000409e-01 3.252999999999999815e-03
9.674779999999999491e-01 2.968999999999999851e-03
9.714669999999999694e-01 2.693000000000000081e-03
9.756439999999999557e-01 2.364999999999999915e-03
9.798200000000000243e-01 2.000000000000000042e-03
9.833790000000000031e-01 1.657999999999999969e-03
9.867489999999999872e-01 1.312000000000000015e-03
9.896770000000000289e-01 9.899999999999999946e-04
9.922130000000000116e-01 6.980000000000000527e-04
9.948939999999999451e-01 3.750000000000000078e-04
9.968939999999999468e-01 1.240000000000000054e-04
9.985889999999999489e-01 -9.500000000000000523e-05
1.000000000000000000e+00 -2.820000000000000241e-04
1.000000000000000000e+00 8.700000000000000051e-05
