1.000000000000000000e+00 9.500000000000000523e-05
1.000000000000000000e+00 4.989999999999999861e-04
9.986150000000000304e-01 9.309999999999999699e-04
9.969519999999999493e-01 1.440000000000000091e-03
9.946540000000000381e-01 2.128000000000000117e-03
9.923549999999999871e-01 2.799999999999999972e-03
9.898639999999999661e-01 3.513000000000000064e-03
9.869879999999999765e-01 4.317999999999999790e-03
9.836770000000000236e-01 5.224000000000000345e-03
9.801809999999999690e-01 6.159000000000000412e-03
9.760760000000000547e-01 7.230000000000000315e-03
9.719710000000000294e-01 8.274000000000000105e-03
9.671419999999999462e-01 9.471999999999999517e-03
9.623819999999999597e-01 1.062199999999999950e-02
9.578870000000000440e-01 1.168199999999999968e-02
9.522699999999999498e-01 1.297099999999999989e-02
9.464190000000000103e-01 1.427499999999999949e-02
9.399690000000000545e-01 1.566899999999999890e-02
9.348929999999999740e-01 1.673300000000000134e-02
9.278170000000000028e-01 1.816900000000000112e-02
9.210129999999999706e-01 1.949800000000000144e-02
9.146349999999999758e-01 2.069700000000000012e-02
9.073329999999999451e-01 2.201099999999999932e-02
8.987960000000000393e-01 2.348300000000000040e-02
8.909920000000000062e-01 2.477199999999999888e-02
8.835450000000000248e-01 2.593700000000000172e-02
8.752760000000000540e-01 2.715300000000000005e-02
8.673659999999999703e-01 2.823799999999999921e-02
8.586460000000000203e-01 2.934300000000000103e-02
8.483349999999999502e-01 3.052500000000000005e-02
8.391659999999999675e-01 3.146399999999999891e-02
8.303239999999999510e-01 3.226899999999999907e-02
8.207370000000000498e-01 3.303600000000000286e-02
8.115090000000000359e-01 3.367499999999999660e-02
8.015200000000000102e-01 3.427199999999999691e-02
7.899629999999999708e-01 3.486600000000000116e-02
7.793280000000000207e-01 3.535599999999999854e-02
7.696020000000000083e-01 3.576900000000000218e-02
7.585960000000000480e-01 3.620299999999999907e-02
7.485779999999999657e-01 3.657599999999999740e-02
7.372220000000000439e-01 3.698099999999999998e-02
7.269440000000000346e-01 3.734300000000000119e-02
7.147639999999999549e-01 3.778299999999999714e-02
7.024939999999999518e-01 3.825800000000000034e-02
6.920490000000000252e-01 3.870500000000000329e-02
6.797309999999999741e-01 3.930299999999999766e-02
6.691099999999999826e-01 3.989600000000000091e-02
6.565250000000000252e-01 4.070599999999999913e-02
6.431099999999999595e-01 4.168600000000000083e-02
6.329329999999999679e-01 4.249800000000000105e-02
6.193670000000000009e-01 4.364799999999999930e-02
6.065199999999999481e-01 4.479000000000000342e-02
5.953340000000000298e-01 4.580800000000000149e-02
5.822899999999999743e-01 4.700399999999999717e-02
5.710690000000000488e-01 4.802200000000000218e-02
5.578619999999999690e-01 4.918899999999999662e-02
5.466360000000000108e-01 5.014099999999999807e-02
5.333020000000000538e-01 5.121400000000000258e-02
5.193489999999999496e-01 5.226599999999999996e-02
5.086730000000000418e-01 5.301700000000000162e-02
4.947630000000000083e-01 5.392500000000000071e-02
4.813160000000000216e-01 5.471999999999999781e-02
4.702009999999999801e-01 5.531300000000000106e-02
4.567519999999999913e-01 5.594899999999999873e-02
4.457220000000000071e-01 5.640099999999999975e-02
4.323159999999999781e-01 5.686000000000000082e-02
4.186920000000000086e-01 5.722300000000000303e-02
4.080619999999999803e-01 5.743000000000000188e-02
3.945810000000000151e-01 5.759500000000000036e-02
3.840459999999999985e-01 5.764299999999999979e-02
3.707289999999999752e-01 5.759899999999999742e-02
3.576920000000000099e-01 5.743700000000000194e-02
3.471910000000000274e-01 5.721799999999999803e-02
3.343470000000000053e-01 5.683699999999999863e-02
3.215120000000000200e-01 5.632999999999999813e-02
3.114029999999999854e-01 5.584399999999999781e-02
2.988179999999999725e-01 5.514199999999999657e-02
2.889129999999999754e-01 5.451899999999999802e-02
2.766089999999999938e-01 5.366900000000000143e-02
2.644980000000000109e-01 5.275599999999999734e-02
2.549379999999999979e-01 5.198900000000000049e-02
2.431419999999999970e-01 5.098899999999999960e-02
2.315859999999999863e-01 4.995800000000000241e-02
2.223100000000000076e-01 4.909600000000000075e-02
2.112219999999999931e-01 4.803099999999999731e-02
2.022440000000000071e-01 4.714299999999999741e-02
1.915530000000000010e-01 4.606699999999999684e-02
1.808299999999999907e-01 4.497400000000000009e-02
1.726300000000000057e-01 4.413199999999999762e-02
1.623370000000000091e-01 4.306200000000000305e-02
1.544959999999999944e-01 4.223699999999999677e-02
1.446570000000000078e-01 4.118600000000000039e-02
1.353449999999999931e-01 4.016999999999999738e-02
1.278330000000000022e-01 3.933199999999999891e-02
1.190179999999999988e-01 3.832499999999999796e-02
1.102280000000000065e-01 3.728999999999999676e-02
1.036090000000000066e-01 3.648599999999999760e-02
9.534399999999999820e-02 3.544800000000000034e-02
8.915399999999999714e-02 3.464199999999999918e-02
8.143499999999999350e-02 3.359499999999999986e-02
7.423100000000000531e-02 3.257000000000000173e-02
6.853199999999999570e-02 3.171800000000000314e-02
6.189900000000000263e-02 3.067299999999999888e-02
5.666600000000000109e-02 2.979700000000000057e-02
5.061700000000000227e-02 2.871900000000000147e-02
4.475599999999999717e-02 2.758599999999999941e-02
4.041100000000000247e-02 2.667900000000000132e-02
3.516600000000000281e-02 2.547900000000000165e-02
3.032800000000000079e-02 2.424600000000000019e-02
2.669300000000000145e-02 2.320900000000000046e-02
2.247100000000000139e-02 2.185199999999999990e-02
1.935699999999999921e-02 2.070400000000000018e-02
1.576100000000000070e-02 1.918100000000000013e-02
1.257899999999999990e-02 1.757099999999999981e-02
1.022099999999999918e-02 1.616400000000000128e-02
7.697999999999999982e-03 1.435499999999999970e-02
5.866999999999999819e-03 1.276799999999999984e-02
4.000000000000000083e-03 1.076000000000000047e-02
2.413999999999999913e-03 8.536000000000000185e-03
1.495000000000000018e-03 6.826999999999999735e-03
6.030000000000000204e-04 4.479000000000000342e-03
1.279999999999999942e-04 2.184000000000000177e-03
-0.000000000000000000e+00 2.950000000000000148e-04
1.289999999999999914e-04 -1.579000000000000108e-03
6.040000000000000447e-04 -3.818000000000000213e-03
1.495000000000000018e-03 -6.066000000000000211e-03
2.410999999999999949e-03 -7.673000000000000133e-03
3.989000000000000358e-03 -9.724999999999999270e-03
5.845000000000000369e-03 -1.153700000000000038e-02
7.662000000000000408e-03 -1.293799999999999985e-02
1.016700000000000069e-02 -1.449600000000000020e-02
1.250700000000000076e-02 -1.567500000000000143e-02
1.566400000000000084e-02 -1.698099999999999957e-02
1.923199999999999910e-02 -1.816800000000000012e-02
2.232500000000000109e-02 -1.902500000000000024e-02
2.652099999999999944e-02 -1.998899999999999982e-02
3.110900000000000123e-02 -2.086000000000000007e-02
3.495299999999999796e-02 -2.147400000000000003e-02
4.018000000000000044e-02 -2.219300000000000092e-02
4.451299999999999701e-02 -2.270700000000000149e-02
5.036299999999999805e-02 -2.332000000000000045e-02
5.640400000000000275e-02 -2.387999999999999845e-02
6.163099999999999828e-02 -2.432600000000000040e-02
6.826100000000000223e-02 -2.485700000000000062e-02
7.541399999999999493e-02 -2.540900000000000103e-02
8.115899999999999503e-02 -2.584499999999999992e-02
8.887799999999999867e-02 -2.643799999999999970e-02
9.506799999999999973e-02 -2.692500000000000102e-02
1.033319999999999933e-01 -2.760299999999999906e-02
1.116309999999999941e-01 -2.832300000000000095e-02
1.187420000000000003e-01 -2.897699999999999929e-02
1.275580000000000047e-01 -2.984099999999999947e-02
1.350699999999999956e-01 -3.062600000000000044e-02
1.443820000000000103e-01 -3.166200000000000264e-02
1.542209999999999970e-01 -3.283200000000000007e-02
1.620610000000000106e-01 -3.381499999999999784e-02
1.723530000000000062e-01 -3.515999999999999681e-02
1.826180000000000025e-01 -3.653399999999999703e-02
1.912739999999999996e-01 -3.768799999999999928e-02
2.019630000000000036e-01 -3.904799999999999938e-02
2.109389999999999876e-01 -4.007399999999999851e-02
2.221200000000000119e-01 -4.111499999999999877e-02
2.335710000000000008e-01 -4.189099999999999768e-02
2.428530000000000133e-01 -4.230699999999999739e-02
2.546470000000000122e-01 -4.257699999999999679e-02
2.642039999999999944e-01 -4.259500000000000092e-02
2.763120000000000021e-01 -4.238700000000000107e-02
2.886139999999999817e-01 -4.194799999999999918e-02
2.985169999999999768e-01 -4.146199999999999886e-02
3.111010000000000164e-01 -4.072300000000000225e-02
3.237180000000000057e-01 -3.991399999999999809e-02
3.340420000000000056e-01 -3.925000000000000017e-02
3.468829999999999969e-01 -3.847799999999999832e-02
3.573810000000000042e-01 -3.790099999999999719e-02
3.704120000000000190e-01 -3.726399999999999851e-02
3.837189999999999768e-01 -3.671399999999999664e-02
3.942410000000000081e-01 -3.636000000000000343e-02
4.077020000000000088e-01 -3.602899999999999853e-02
4.209959999999999813e-01 -3.584899999999999892e-02
4.318980000000000041e-01 -3.582599999999999674e-02
4.452599999999999891e-01 -3.596499999999999697e-02
4.562470000000000137e-01 -3.622600000000000126e-02
4.696339999999999959e-01 -3.669000000000000039e-02
4.834019999999999984e-01 -3.729899999999999882e-02
4.940599999999999992e-01 -3.782900000000000151e-02
5.078799999999999981e-01 -3.856199999999999906e-02
5.212059999999999471e-01 -3.927100000000000035e-02
5.323320000000000274e-01 -3.984200000000000241e-02
5.455640000000000489e-01 -4.045100000000000084e-02
5.567020000000000302e-01 -4.088399999999999673e-02
5.698039999999999772e-01 -4.126400000000000207e-02
5.834570000000000034e-01 -4.150999999999999829e-02
5.938750000000000417e-01 -4.158799999999999997e-02
6.074509999999999632e-01 -4.154399999999999760e-02
6.203840000000000465e-01 -4.134000000000000175e-02
6.311890000000000001e-01 -4.104499999999999815e-02
6.441249999999999476e-01 -4.053699999999999665e-02
6.569869999999999877e-01 -3.985799999999999760e-02
6.677840000000000442e-01 -3.914800000000000224e-02
6.799929999999999586e-01 -3.818400000000000266e-02
6.906390000000000029e-01 -3.718199999999999977e-02
7.025780000000000358e-01 -3.586099999999999705e-02
7.154690000000000216e-01 -3.418100000000000305e-02
7.268700000000000161e-01 -3.246700000000000280e-02
7.373060000000000169e-01 -3.071199999999999972e-02
7.483880000000000532e-01 -2.865499999999999992e-02
7.585819999999999785e-01 -2.659699999999999911e-02
7.693280000000000118e-01 -2.426400000000000085e-02
7.814780000000000060e-01 -2.144000000000000072e-02
7.918669999999999876e-01 -1.888300000000000048e-02
8.014010000000000300e-01 -1.646399999999999947e-02
8.114160000000000261e-01 -1.392099999999999935e-02
8.206050000000000288e-01 -1.164100000000000031e-02
8.302289999999999948e-01 -9.353000000000000203e-03
8.390440000000000120e-01 -7.378000000000000010e-03
8.482610000000000428e-01 -5.455999999999999912e-03
8.585679999999999978e-01 -3.501999999999999905e-03
8.673469999999999791e-01 -2.008999999999999935e-03
8.752459999999999685e-01 -8.059999999999999673e-04
8.835800000000000320e-01 3.159999999999999832e-04
8.910219999999999807e-01 1.188999999999999953e-03
8.988960000000000283e-01 1.977000000000000025e-03
9.072750000000000536e-01 2.647000000000000047e-03
9.148220000000000240e-01 3.106999999999999953e-03
9.210409999999999986e-01 3.393999999999999882e-03
9.280709999999999793e-01 3.616999999999999989e-03
9.337910000000000377e-01 3.719000000000000083e-03
9.405120000000000147e-01 3.749000000000000162e-03
9.466250000000000497e-01 3.690000000000000138e-03
9.517160000000000064e-01 3.579000000000000150e-03
9.571450000000000236e-01 3.396000000000000147e-03
9.627130000000000409e-01 3.141000000000000129e-03
9.674779999999999491e-01 2.867000000000000191e-03
9.714669999999999694e-01 2.599999999999999881e-03
9.756439999999999557e-01 2.281000000000000041e-03
9.798200000000000243e-01 1.925999999999999978e-03
9.833790000000000031e-01 1.592000000000000099e-03
9.867489999999999872e-01 1.253999999999999906e-03
9.896770000000000289e-01 9.389999999999999476e-04
9.922130000000000116e-01 6.530000000000000431e-04
9.948939999999999451e-01 3.359999999999999814e-04
9.968939999999999468e-01 9.000000000000000567e-05
9.985889999999999489e-01 -1.259999999999999998e-04
1.000000000000000000e+00 -3.089999999999999756e-04
1.000000000000000000e+00 9.500000000000000523e-05
