1.000000000000000000e+00 -3.300000000000000253e-05
1.000000000000000000e+00 4.389999999999999914e-04
9.986150000000000304e-01 7.079999999999999705e-04
9.969519999999999493e-01 1.020999999999999989e-03
9.946540000000000381e-01 1.436999999999999909e-03
9.923549999999999871e-01 1.840000000000000056e-03
9.898639999999999661e-01 2.262000000000000122e-03
9.869879999999999765e-01 2.736000000000000151e-03
9.836770000000000236e-01 3.265000000000000107e-03
9.801809999999999690e-01 3.811000000000000151e-03
9.760760000000000547e-01 4.435999999999999839e-03
9.719710000000000294e-01 5.048000000000000403e-03
9.671419999999999462e-01 5.755999999999999832e-03
9.623819999999999597e-01 6.445000000000000208e-03
9.578870000000000440e-01 7.088999999999999815e-03
9.522699999999999498e-01 7.889999999999999444e-03
9.464190000000000103e-01 8.724000000000000851e-03
9.399690000000000545e-01 9.646000000000000060e-03
9.348929999999999740e-01 1.037599999999999981e-02
9.278170000000000028e-01 1.140200000000000068e-02
9.210129999999999706e-01 1.240100000000000056e-02
9.146349999999999758e-01 1.335000000000000075e-02
9.073329999999999451e-01 1.445500000000000083e-02
8.987960000000000393e-01 1.578799999999999995e-02
8.909920000000000062e-01 1.705600000000000172e-02
8.835450000000000248e-01 1.829899999999999929e-02
8.752760000000000540e-01 1.971699999999999842e-02
8.673659999999999703e-01 2.111299999999999982e-02
8.586460000000000203e-01 2.269900000000000043e-02
8.483349999999999502e-01 2.463900000000000118e-02
8.391659999999999675e-01 2.642399999999999957e-02
8.303239999999999510e-01 2.819500000000000131e-02
8.207370000000000498e-01 3.016500000000000084e-02
8.115090000000000359e-01 3.209599999999999953e-02
8.015200000000000102e-01 3.420900000000000329e-02
7.899629999999999708e-01 3.664300000000000196e-02
7.793280000000000207e-01 3.882700000000000040e-02
7.696020000000000083e-01 4.076199999999999962e-02
7.585960000000000480e-01 4.287500000000000339e-02
7.485779999999999657e-01 4.472700000000000287e-02
7.372220000000000439e-01 4.673900000000000277e-02
7.269440000000000346e-01 4.847699999999999926e-02
7.147639999999999549e-01 5.043199999999999766e-02
7.024939999999999518e-01 5.228599999999999914e-02
6.920490000000000252e-01 5.377200000000000035e-02
6.797309999999999741e-01 5.541599999999999998e-02
6.691099999999999826e-01 5.673799999999999677e-02
6.565250000000000252e-01 5.819400000000000267e-02
6.431099999999999595e-01 5.961899999999999838e-02
6.329329999999999679e-01 6.062100000000000127e-02
6.193670000000000009e-01 6.185299999999999826e-02
6.065199999999999481e-01 6.292000000000000370e-02
5.953340000000000298e-01 6.377299999999999636e-02
5.822899999999999743e-01 6.468799999999999550e-02
5.710690000000000488e-01 6.540899999999999492e-02
5.578619999999999690e-01 6.618899999999999784e-02
5.466360000000000108e-01 6.680099999999999927e-02
5.333020000000000538e-01 6.744799999999999407e-02
5.193489999999999496e-01 6.800299999999999401e-02
5.086730000000000418e-01 6.831900000000000472e-02
4.947630000000000083e-01 6.856299999999999895e-02
4.813160000000000216e-01 6.858799999999999619e-02
4.702009999999999801e-01 6.843100000000000571e-02
4.567519999999999913e-01 6.799600000000000088e-02
4.457220000000000071e-01 6.741900000000000670e-02
4.323159999999999781e-01 6.643000000000000294e-02
4.186920000000000086e-01 6.512099999999999833e-02
4.080619999999999803e-01 6.390600000000000447e-02
3.945810000000000151e-01 6.214499999999999885e-02
3.840459999999999985e-01 6.061500000000000221e-02
3.707289999999999752e-01 5.850899999999999851e-02
3.576920000000000099e-01 5.628600000000000270e-02
3.471910000000000274e-01 5.439599999999999991e-02
3.343470000000000053e-01 5.198300000000000143e-02
3.215120000000000200e-01 4.949400000000000327e-02
3.114029999999999854e-01 4.753700000000000286e-02
2.988179999999999725e-01 4.519100000000000200e-02
2.889129999999999754e-01 4.347000000000000169e-02
2.766089999999999938e-01 4.154800000000000160e-02
2.644980000000000109e-01 3.994299999999999934e-02
2.549379999999999979e-01 3.890400000000000108e-02
2.431419999999999970e-01 3.792199999999999738e-02
2.315859999999999863e-01 3.729199999999999876e-02
2.223100000000000076e-01 3.703000000000000042e-02
2.112219999999999931e-01 3.699700000000000211e-02
2.022440000000000071e-01 3.717100000000000265e-02
1.915530000000000010e-01 3.751600000000000074e-02
1.808299999999999907e-01 3.790999999999999925e-02
1.726300000000000057e-01 3.818900000000000072e-02
1.623370000000000091e-01 3.846200000000000313e-02
1.544959999999999944e-01 3.858600000000000224e-02
1.446570000000000078e-01 3.861400000000000249e-02
1.353449999999999931e-01 3.849099999999999744e-02
1.278330000000000022e-01 3.827500000000000346e-02
1.190179999999999988e-01 3.788099999999999801e-02
1.102280000000000065e-01 3.732699999999999907e-02
1.036090000000000066e-01 3.679899999999999838e-02
9.534399999999999820e-02 3.599700000000000122e-02
8.915399999999999714e-02 3.529000000000000192e-02
8.143499999999999350e-02 3.427100000000000285e-02
7.423100000000000531e-02 3.317699999999999816e-02
6.853199999999999570e-02 3.220400000000000346e-02
6.189900000000000263e-02 3.094799999999999982e-02
5.666600000000000109e-02 2.985300000000000106e-02
5.061700000000000227e-02 2.846500000000000072e-02
4.475599999999999717e-02 2.697899999999999951e-02
4.041100000000000247e-02 2.578099999999999836e-02
3.516600000000000281e-02 2.420200000000000129e-02
3.032800000000000079e-02 2.260300000000000156e-02
2.669300000000000145e-02 2.128899999999999890e-02
2.247100000000000139e-02 1.962200000000000055e-02
1.935699999999999921e-02 1.826699999999999852e-02
1.576100000000000070e-02 1.654299999999999868e-02
1.257899999999999990e-02 1.481999999999999984e-02
1.022099999999999918e-02 1.338699999999999959e-02
7.697999999999999982e-03 1.163800000000000077e-02
5.866999999999999819e-03 1.017700000000000028e-02
4.000000000000000083e-03 8.413000000000000339e-03
2.413999999999999913e-03 6.544999999999999603e-03
1.495000000000000018e-03 5.154999999999999860e-03
6.030000000000000204e-04 3.286999999999999991e-03
1.279999999999999942e-04 1.487000000000000040e-03
-0.000000000000000000e+00 3.999999999999999819e-06
1.289999999999999914e-04 -1.482000000000000027e-03
6.040000000000000447e-04 -3.301999999999999814e-03
1.495000000000000018e-03 -5.207999999999999956e-03
2.410999999999999949e-03 -6.638999999999999936e-03
3.989000000000000358e-03 -8.583999999999999617e-03
5.845000000000000369e-03 -1.044499999999999942e-02
7.662000000000000408e-03 -1.200700000000000031e-02
1.016700000000000069e-02 -1.390399999999999969e-02
1.250700000000000076e-02 -1.548500000000000050e-02
1.566400000000000084e-02 -1.741600000000000092e-02
1.923199999999999910e-02 -1.938600000000000045e-02
2.232500000000000109e-02 -2.095899999999999846e-02
2.652099999999999944e-02 -2.292800000000000046e-02
3.110900000000000123e-02 -2.491200000000000012e-02
3.495299999999999796e-02 -2.645600000000000035e-02
4.018000000000000044e-02 -2.841600000000000029e-02
4.451299999999999701e-02 -2.993200000000000027e-02
5.036299999999999805e-02 -3.184700000000000031e-02
5.640400000000000275e-02 -3.368000000000000160e-02
6.163099999999999828e-02 -3.516600000000000281e-02
6.826100000000000223e-02 -3.692399999999999849e-02
7.541399999999999493e-02 -3.868499999999999717e-02
8.115899999999999503e-02 -4.000200000000000283e-02
8.887799999999999867e-02 -4.164799999999999752e-02
9.506799999999999973e-02 -4.286999999999999839e-02
1.033319999999999933e-01 -4.437699999999999978e-02
1.116309999999999941e-01 -4.574799999999999700e-02
1.187420000000000003e-01 -4.681300000000000044e-02
1.275580000000000047e-01 -4.799400000000000194e-02
1.350699999999999956e-01 -4.887799999999999784e-02
1.443820000000000103e-01 -4.981700000000000017e-02
1.542209999999999970e-01 -5.061899999999999733e-02
1.620610000000000106e-01 -5.111500000000000071e-02
1.723530000000000062e-01 -5.156899999999999679e-02
1.826180000000000025e-01 -5.179799999999999682e-02
1.912739999999999996e-01 -5.181700000000000195e-02
2.019630000000000036e-01 -5.163100000000000328e-02
2.109389999999999876e-01 -5.131299999999999750e-02
2.221200000000000119e-01 -5.074399999999999744e-02
2.335710000000000008e-01 -4.998999999999999971e-02
2.428530000000000133e-01 -4.926699999999999829e-02
2.546470000000000122e-01 -4.823000000000000204e-02
2.642039999999999944e-01 -4.731400000000000189e-02
2.763120000000000021e-01 -4.609300000000000203e-02
2.886139999999999817e-01 -4.482599999999999779e-02
2.985169999999999768e-01 -4.382699999999999790e-02
3.111010000000000164e-01 -4.263299999999999729e-02
3.237180000000000057e-01 -4.158400000000000291e-02
3.340420000000000056e-01 -4.087600000000000261e-02
3.468829999999999969e-01 -4.022699999999999887e-02
3.573810000000000042e-01 -3.989100000000000285e-02
3.704120000000000190e-01 -3.972099999999999936e-02
3.837189999999999768e-01 -3.983199999999999935e-02
3.942410000000000081e-01 -4.012500000000000094e-02
4.077020000000000088e-01 -4.077100000000000168e-02
4.209959999999999813e-01 -4.171099999999999808e-02
4.318980000000000041e-01 -4.271400000000000197e-02
4.452599999999999891e-01 -4.423200000000000048e-02
4.562470000000000137e-01 -4.571499999999999869e-02
4.696339999999999959e-01 -4.772099999999999953e-02
4.834019999999999984e-01 -4.990800000000000097e-02
4.940599999999999992e-01 -5.160399999999999709e-02
5.078799999999999981e-01 -5.371599999999999986e-02
5.212059999999999471e-01 -5.554499999999999715e-02
5.323320000000000274e-01 -5.684299999999999770e-02
5.455640000000000489e-01 -5.801400000000000307e-02
5.567020000000000302e-01 -5.861700000000000244e-02
5.698039999999999772e-01 -5.881200000000000316e-02
5.834570000000000034e-01 -5.847100000000000214e-02
5.938750000000000417e-01 -5.786999999999999783e-02
6.074509999999999632e-01 -5.669600000000000334e-02
6.203840000000000465e-01 -5.521000000000000213e-02
6.311890000000000001e-01 -5.373399999999999704e-02
6.441249999999999476e-01 -5.172500000000000014e-02
6.569869999999999877e-01 -4.951599999999999752e-02
6.677840000000000442e-01 -4.753500000000000086e-02
6.799929999999999586e-01 -4.519000000000000100e-02
6.906390000000000029e-01 -4.307400000000000118e-02
7.025780000000000358e-01 -4.064799999999999663e-02
7.154690000000000216e-01 -3.799099999999999699e-02
7.268700000000000161e-01 -3.563299999999999801e-02
7.373060000000000169e-01 -3.348899999999999794e-02
7.483880000000000532e-01 -3.124199999999999894e-02
7.585819999999999785e-01 -2.921999999999999945e-02
7.693280000000000118e-01 -2.714400000000000146e-02
7.814780000000000060e-01 -2.488200000000000134e-02
7.918669999999999876e-01 -2.302699999999999886e-02
8.014010000000000300e-01 -2.139100000000000029e-02
8.114160000000000261e-01 -1.972900000000000001e-02
8.206050000000000288e-01 -1.825399999999999939e-02
8.302289999999999948e-01 -1.675300000000000053e-02
8.390440000000000120e-01 -1.541999999999999968e-02
8.482610000000000428e-01 -1.406499999999999938e-02
8.585679999999999978e-01 -1.260299999999999962e-02
8.673469999999999791e-01 -1.140000000000000041e-02
8.752459999999999685e-01 -1.035499999999999962e-02
8.835800000000000320e-01 -9.289999999999999647e-03
8.910219999999999807e-01 -8.375000000000000500e-03
8.988960000000000283e-01 -7.446999999999999627e-03
9.072750000000000536e-01 -6.525000000000000418e-03
9.148220000000000240e-01 -5.747999999999999637e-03
9.210409999999999986e-01 -5.137000000000000073e-03
9.280709999999999793e-01 -4.481999999999999873e-03
9.337910000000000377e-01 -3.977999999999999765e-03
9.405120000000000147e-01 -3.419999999999999863e-03
9.466250000000000497e-01 -2.946999999999999967e-03
9.517160000000000064e-01 -2.579999999999999828e-03
9.571450000000000236e-01 -2.219000000000000052e-03
9.627130000000000409e-01 -1.879000000000000028e-03
9.674779999999999491e-01 -1.616999999999999948e-03
9.714669999999999694e-01 -1.415999999999999941e-03
9.756439999999999557e-01 -1.226000000000000093e-03
9.798200000000000243e-01 -1.054999999999999948e-03
9.833790000000000031e-01 -9.250000000000000409e-04
9.867489999999999872e-01 -8.140000000000000534e-04
9.896770000000000289e-01 -7.290000000000000473e-04
9.922130000000000116e-01 -6.629999999999999609e-04
9.948939999999999451e-01 -5.999999999999999474e-04
9.968939999999999468e-01 -5.590000000000000351e-04
9.985889999999999489e-01 -5.280000000000000405e-04
1.000000000000000000e+00 -5.050000000000000235e-04
1.000000000000000000e+00 -3.300000000000000253e-05
