1.000000000000000000e+00 1.129999999999999955e-04
1.000000000000000000e+00 5.850000000000000165e-04
9.986150000000000304e-01 1.052999999999999900e-03
9.969519999999999493e-01 1.603000000000000041e-03
9.946540000000000381e-01 2.343000000000000031e-03
9.923549999999999871e-01 3.063000000000000184e-03
9.898639999999999661e-01 3.824999999999999841e-03
9.869879999999999765e-01 4.682999999999999663e-03
9.836770000000000236e-01 5.647000000000000110e-03
9.801809999999999690e-01 6.641000000000000202e-03
9.760760000000000547e-01 7.779999999999999589e-03
9.719710000000000294e-01 8.895000000000000129e-03
9.671419999999999462e-01 1.017700000000000028e-02
9.623819999999999597e-01 1.141400000000000053e-02
9.578870000000000440e-01 1.255999999999999998e-02
9.522699999999999498e-01 1.396700000000000025e-02
9.464190000000000103e-01 1.540399999999999929e-02
9.399690000000000545e-01 1.695800000000000085e-02
9.348929999999999740e-01 1.815900000000000153e-02
9.278170000000000028e-01 1.980399999999999869e-02
9.210129999999999706e-01 2.135199999999999945e-02
9.146349999999999758e-01 2.277600000000000111e-02
9.073329999999999451e-01 2.436800000000000077e-02
8.987960000000000393e-01 2.619600000000000053e-02
8.909920000000000062e-01 2.783800000000000163e-02
8.835450000000000248e-01 2.936400000000000121e-02
8.752760000000000540e-01 3.100599999999999884e-02
8.673659999999999703e-01 3.251899999999999930e-02
8.586460000000000203e-01 3.411700000000000149e-02
8.483349999999999502e-01 3.590000000000000135e-02
8.391659999999999675e-01 3.737599999999999950e-02
8.303239999999999510e-01 3.868900000000000117e-02
8.207370000000000498e-01 3.997300000000000159e-02
8.115090000000000359e-01 4.105099999999999721e-02
8.015200000000000102e-01 4.202100000000000279e-02
7.899629999999999708e-01 4.285200000000000120e-02
7.793280000000000207e-01 4.331800000000000234e-02
7.696020000000000083e-01 4.350099999999999800e-02
7.585960000000000480e-01 4.346799999999999969e-02
7.485779999999999657e-01 4.326200000000000184e-02
7.372220000000000439e-01 4.289400000000000157e-02
7.269440000000000346e-01 4.251200000000000118e-02
7.147639999999999549e-01 4.211800000000000266e-02
7.024939999999999518e-01 4.193399999999999905e-02
6.920490000000000252e-01 4.207899999999999835e-02
6.797309999999999741e-01 4.277199999999999752e-02
6.691099999999999826e-01 4.395899999999999808e-02
6.565250000000000252e-01 4.620400000000000201e-02
6.431099999999999595e-01 4.950299999999999839e-02
6.329329999999999679e-01 5.250599999999999712e-02
6.193670000000000009e-01 5.699699999999999905e-02
6.065199999999999481e-01 6.158099999999999685e-02
5.953340000000000298e-01 6.567699999999999927e-02
5.822899999999999743e-01 7.039700000000000124e-02
5.710690000000000488e-01 7.425700000000000356e-02
5.578619999999999690e-01 7.837500000000000022e-02
5.466360000000000108e-01 8.137999999999999401e-02
5.333020000000000538e-01 8.433899999999999730e-02
5.193489999999999496e-01 8.680000000000000215e-02
5.086730000000000418e-01 8.829099999999999449e-02
4.947630000000000083e-01 8.979299999999999782e-02
4.813160000000000216e-01 9.083800000000000208e-02
4.702009999999999801e-01 9.145699999999999663e-02
4.567519999999999913e-01 9.196799999999999420e-02
4.457220000000000071e-01 9.224599999999999467e-02
4.323159999999999781e-01 9.245100000000000540e-02
4.186920000000000086e-01 9.244800000000000240e-02
4.080619999999999803e-01 9.223000000000000642e-02
3.945810000000000151e-01 9.160200000000000287e-02
3.840459999999999985e-01 9.077499999999999458e-02
3.707289999999999752e-01 8.923000000000000376e-02
3.576920000000000099e-01 8.709100000000000175e-02
3.471910000000000274e-01 8.485900000000000387e-02
3.343470000000000053e-01 8.143999999999999850e-02
3.215120000000000200e-01 7.722900000000000598e-02
3.114029999999999854e-01 7.345699999999999452e-02
2.988179999999999725e-01 6.838700000000000334e-02
2.889129999999999754e-01 6.423500000000000043e-02
2.766089999999999938e-01 5.903599999999999820e-02
2.644980000000000109e-01 5.401799999999999657e-02
2.549379999999999979e-01 5.021400000000000169e-02
2.431419999999999970e-01 4.579500000000000237e-02
2.315859999999999863e-01 4.182899999999999813e-02
2.223100000000000076e-01 3.894299999999999845e-02
2.112219999999999931e-01 3.586999999999999911e-02
2.022440000000000071e-01 3.369500000000000273e-02
1.915530000000000010e-01 3.146800000000000291e-02
1.808299999999999907e-01 2.960399999999999837e-02
1.726300000000000057e-01 2.840700000000000169e-02
1.623370000000000091e-01 2.715100000000000152e-02
1.544959999999999944e-01 2.635699999999999849e-02
1.446570000000000078e-01 2.553499999999999867e-02
1.353449999999999931e-01 2.491099999999999912e-02
1.278330000000000022e-01 2.450300000000000047e-02
1.190179999999999988e-01 2.411699999999999955e-02
1.102280000000000065e-01 2.381700000000000136e-02
1.036090000000000066e-01 2.363900000000000029e-02
9.534399999999999820e-02 2.346200000000000022e-02
8.915399999999999714e-02 2.335599999999999829e-02
8.143499999999999350e-02 2.324499999999999830e-02
7.423100000000000531e-02 2.315400000000000097e-02
6.853199999999999570e-02 2.307800000000000129e-02
6.189900000000000263e-02 2.297799999999999843e-02
5.666600000000000109e-02 2.287600000000000050e-02
5.061700000000000227e-02 2.272000000000000061e-02
4.475599999999999717e-02 2.250699999999999923e-02
4.041100000000000247e-02 2.229499999999999885e-02
3.516600000000000281e-02 2.194400000000000170e-02
3.032800000000000079e-02 2.149900000000000075e-02
2.669300000000000145e-02 2.104999999999999927e-02
2.247100000000000139e-02 2.036699999999999969e-02
1.935699999999999921e-02 1.970200000000000076e-02
1.576100000000000070e-02 1.871000000000000094e-02
1.257899999999999990e-02 1.753499999999999850e-02
1.022099999999999918e-02 1.641400000000000151e-02
7.697999999999999982e-03 1.486200000000000021e-02
5.866999999999999819e-03 1.341499999999999984e-02
4.000000000000000083e-03 1.148599999999999968e-02
2.413999999999999913e-03 9.247000000000000011e-03
1.495000000000000018e-03 7.466999999999999679e-03
6.030000000000000204e-04 4.954000000000000070e-03
1.279999999999999942e-04 2.439000000000000196e-03
-0.000000000000000000e+00 3.370000000000000057e-04
1.289999999999999914e-04 -1.766999999999999908e-03
6.040000000000000447e-04 -4.297999999999999737e-03
1.495000000000000018e-03 -6.844000000000000257e-03
2.410999999999999949e-03 -8.658000000000000765e-03
3.989000000000000358e-03 -1.095899999999999999e-02
5.845000000000000369e-03 -1.296300000000000056e-02
7.662000000000000408e-03 -1.448600000000000061e-02
1.016700000000000069e-02 -1.614099999999999910e-02
1.250700000000000076e-02 -1.735700000000000090e-02
1.566400000000000084e-02 -1.865400000000000044e-02
1.923199999999999910e-02 -1.977500000000000091e-02
2.232500000000000109e-02 -2.053800000000000070e-02
2.652099999999999944e-02 -2.133799999999999933e-02
3.110900000000000123e-02 -2.199200000000000113e-02
3.495299999999999796e-02 -2.240500000000000130e-02
4.018000000000000044e-02 -2.282800000000000107e-02
4.451299999999999701e-02 -2.308299999999999935e-02
5.036299999999999805e-02 -2.333299999999999957e-02
5.640400000000000275e-02 -2.350700000000000012e-02
6.163099999999999828e-02 -2.361299999999999857e-02
6.826100000000000223e-02 -2.370699999999999891e-02
7.541399999999999493e-02 -2.378299999999999859e-02
8.115899999999999503e-02 -2.383499999999999855e-02
8.887799999999999867e-02 -2.391100000000000170e-02
9.506799999999999973e-02 -2.398499999999999938e-02
1.033319999999999933e-01 -2.411500000000000102e-02
1.116309999999999941e-01 -2.429399999999999962e-02
1.187420000000000003e-01 -2.449700000000000141e-02
1.275580000000000047e-01 -2.482200000000000031e-02
1.350699999999999956e-01 -2.517700000000000146e-02
1.443820000000000103e-01 -2.572999999999999940e-02
1.542209999999999970e-01 -2.647700000000000053e-02
1.620610000000000106e-01 -2.720900000000000055e-02
1.723530000000000062e-01 -2.838299999999999851e-02
1.826180000000000025e-01 -2.982900000000000135e-02
1.912739999999999996e-01 -3.128899999999999737e-02
2.019630000000000036e-01 -3.342699999999999838e-02
2.109389999999999876e-01 -3.552500000000000102e-02
2.221200000000000119e-01 -3.853199999999999681e-02
2.335710000000000008e-01 -4.204299999999999704e-02
2.428530000000000133e-01 -4.518400000000000194e-02
2.546470000000000122e-01 -4.950800000000000339e-02
2.642039999999999944e-01 -5.323499999999999760e-02
2.763120000000000021e-01 -5.815599999999999936e-02
2.886139999999999817e-01 -6.325300000000000367e-02
2.985169999999999768e-01 -6.731800000000000284e-02
3.111010000000000164e-01 -7.225900000000000378e-02
3.237180000000000057e-01 -7.675600000000000478e-02
3.340420000000000056e-01 -7.992399999999999505e-02
3.468829999999999969e-01 -8.308699999999999419e-02
3.573810000000000042e-01 -8.504899999999999960e-02
3.704120000000000190e-01 -8.677200000000000191e-02
3.837189999999999768e-01 -8.779000000000000692e-02
3.942410000000000081e-01 -8.812300000000000688e-02
4.077020000000000088e-01 -8.802500000000000602e-02
4.209959999999999813e-01 -8.744300000000000683e-02
4.318980000000000041e-01 -8.668299999999999617e-02
4.452599999999999891e-01 -8.548999999999999655e-02
4.562470000000000137e-01 -8.435600000000000043e-02
4.696339999999999959e-01 -8.274499999999999911e-02
4.834019999999999984e-01 -8.078000000000000458e-02
4.940599999999999992e-01 -7.899599999999999678e-02
5.078799999999999981e-01 -7.630199999999999483e-02
5.212059999999999471e-01 -7.323200000000000542e-02
5.323320000000000274e-01 -7.028500000000000025e-02
5.455640000000000489e-01 -6.626600000000000545e-02
5.567020000000000302e-01 -6.242099999999999732e-02
5.698039999999999772e-01 -5.736100000000000226e-02
5.834570000000000034e-01 -5.167000000000000065e-02
5.938750000000000417e-01 -4.718300000000000272e-02
6.074509999999999632e-01 -4.134399999999999881e-02
6.203840000000000465e-01 -3.598099999999999909e-02
6.311890000000000001e-01 -3.179599999999999788e-02
6.441249999999999476e-01 -2.730399999999999841e-02
6.569869999999999877e-01 -2.357700000000000073e-02
6.677840000000000442e-01 -2.114900000000000113e-02
6.799929999999999586e-01 -1.924599999999999922e-02
6.906390000000000029e-01 -1.819300000000000084e-02
7.025780000000000358e-01 -1.750399999999999873e-02
7.154690000000000216e-01 -1.712999999999999939e-02
7.268700000000000161e-01 -1.693899999999999920e-02
7.373060000000000169e-01 -1.675799999999999859e-02
7.483880000000000532e-01 -1.645200000000000135e-02
7.585819999999999785e-01 -1.599400000000000127e-02
7.693280000000000118e-01 -1.526699999999999932e-02
7.814780000000000060e-01 -1.408700000000000056e-02
7.918669999999999876e-01 -1.274600000000000039e-02
8.014010000000000300e-01 -1.127900000000000083e-02
8.114160000000000261e-01 -9.582999999999999505e-03
8.206050000000000288e-01 -7.962000000000000327e-03
8.302289999999999948e-01 -6.257000000000000409e-03
8.390440000000000120e-01 -4.734999999999999626e-03
8.482610000000000428e-01 -3.216999999999999808e-03
8.585679999999999978e-01 -1.644000000000000062e-03
8.673469999999999791e-01 -4.279999999999999950e-04
8.752459999999999685e-01 5.569999999999999864e-04
8.835800000000000320e-01 1.477000000000000014e-03
8.910219999999999807e-01 2.187999999999999841e-03
8.988960000000000283e-01 2.822999999999999989e-03
9.072750000000000536e-01 3.344999999999999883e-03
9.148220000000000240e-01 3.684000000000000209e-03
9.210409999999999986e-01 3.880999999999999901e-03
9.280709999999999793e-01 4.009999999999999676e-03
9.337910000000000377e-01 4.042999999999999719e-03
9.405120000000000147e-01 3.997999999999999818e-03
9.466250000000000497e-01 3.879000000000000069e-03
9.517160000000000064e-01 3.722000000000000048e-03
9.571450000000000236e-01 3.495999999999999976e-03
9.627130000000000409e-01 3.201999999999999985e-03
9.674779999999999491e-01 2.897999999999999968e-03
9.714669999999999694e-01 2.609999999999999907e-03
9.756439999999999557e-01 2.272999999999999847e-03
9.798200000000000243e-01 1.902000000000000045e-03
9.833790000000000031e-01 1.557999999999999923e-03
9.867489999999999872e-01 1.211999999999999970e-03
9.896770000000000289e-01 8.930000000000000221e-04
9.922130000000000116e-01 6.040000000000000447e-04
9.948939999999999451e-01 2.860000000000000129e-04
9.968939999999999468e-01 3.899999999999999929e-05
9.985889999999999489e-01 -1.749999999999999982e-04
1.000000000000000000e+00 -3.579999999999999741e-04
1.000000000000000000e+00 1.129999999999999955e-04
