1.000000000000000000e+00 -3.800000000000000209e-05
1.000000000000000000e+00 4.279999999999999950e-04
9.986150000000000304e-01 6.899999999999999667e-04
9.969519999999999493e-01 9.940000000000000918e-04
9.946540000000000381e-01 1.399999999999999986e-03
9.923549999999999871e-01 1.791999999999999973e-03
9.898639999999999661e-01 2.203000000000000097e-03
9.869879999999999765e-01 2.664000000000000135e-03
9.836770000000000236e-01 3.180999999999999800e-03
9.801809999999999690e-01 3.713999999999999854e-03
9.760760000000000547e-01 4.325999999999999984e-03
9.719710000000000294e-01 4.926999999999999956e-03
9.671419999999999462e-01 5.623999999999999659e-03
9.623819999999999597e-01 6.303999999999999708e-03
9.578870000000000440e-01 6.943000000000000387e-03
9.522699999999999498e-01 7.740000000000000352e-03
9.464190000000000103e-01 8.573000000000000759e-03
9.399690000000000545e-01 9.497000000000000233e-03
9.348929999999999740e-01 1.023100000000000051e-02
9.278170000000000028e-01 1.126599999999999997e-02
9.210129999999999706e-01 1.227600000000000045e-02
9.146349999999999758e-01 1.323799999999999977e-02
9.073329999999999451e-01 1.435900000000000024e-02
8.987960000000000393e-01 1.571099999999999927e-02
8.909920000000000062e-01 1.699600000000000069e-02
8.835450000000000248e-01 1.825099999999999986e-02
8.752760000000000540e-01 1.967800000000000105e-02
8.673659999999999703e-01 2.107200000000000045e-02
8.586460000000000203e-01 2.263899999999999940e-02
8.483349999999999502e-01 2.452800000000000119e-02
8.391659999999999675e-01 2.622999999999999984e-02
8.303239999999999510e-01 2.787600000000000147e-02
8.207370000000000498e-01 2.964599999999999874e-02
8.115090000000000359e-01 3.130499999999999949e-02
8.015200000000000102e-01 3.301199999999999968e-02
7.899629999999999708e-01 3.479700000000000154e-02
7.793280000000000207e-01 3.618600000000000289e-02
7.696020000000000083e-01 3.722600000000000214e-02
7.585960000000000480e-01 3.815500000000000141e-02
7.485779999999999657e-01 3.879599999999999715e-02
7.372220000000000439e-01 3.931899999999999978e-02
7.269440000000000346e-01 3.964499999999999968e-02
7.147639999999999549e-01 3.991399999999999809e-02
7.024939999999999518e-01 4.014100000000000307e-02
6.920490000000000252e-01 4.037299999999999917e-02
6.797309999999999741e-01 4.078999999999999987e-02
6.691099999999999826e-01 4.135500000000000287e-02
6.565250000000000252e-01 4.235499999999999682e-02
6.431099999999999595e-01 4.378900000000000153e-02
6.329329999999999679e-01 4.508199999999999708e-02
6.193670000000000009e-01 4.701000000000000317e-02
6.065199999999999481e-01 4.898099999999999676e-02
5.953340000000000298e-01 5.075299999999999950e-02
5.822899999999999743e-01 5.281899999999999790e-02
5.710690000000000488e-01 5.453899999999999720e-02
5.578619999999999690e-01 5.642599999999999699e-02
5.466360000000000108e-01 5.786399999999999877e-02
5.333020000000000538e-01 5.935700000000000004e-02
5.193489999999999496e-01 6.067899999999999683e-02
5.086730000000000418e-01 6.152900000000000036e-02
4.947630000000000083e-01 6.243699999999999944e-02
4.813160000000000216e-01 6.310699999999999643e-02
4.702009999999999801e-01 6.351300000000000001e-02
4.567519999999999913e-01 6.383199999999999985e-02
4.457220000000000071e-01 6.396000000000000296e-02
4.323159999999999781e-01 6.395900000000000196e-02
4.186920000000000086e-01 6.380399999999999960e-02
4.080619999999999803e-01 6.358999999999999375e-02
3.945810000000000151e-01 6.322099999999999942e-02
3.840459999999999985e-01 6.286999999999999533e-02
3.707289999999999752e-01 6.236499999999999683e-02
3.576920000000000099e-01 6.182499999999999801e-02
3.471910000000000274e-01 6.137100000000000194e-02
3.343470000000000053e-01 6.080900000000000194e-02
3.215120000000000200e-01 6.025699999999999806e-02
3.114029999999999854e-01 5.982300000000000118e-02
2.988179999999999725e-01 5.927199999999999830e-02
2.889129999999999754e-01 5.881800000000000223e-02
2.766089999999999938e-01 5.821799999999999892e-02
2.644980000000000109e-01 5.757400000000000018e-02
2.549379999999999979e-01 5.701799999999999924e-02
2.431419999999999970e-01 5.626599999999999657e-02
2.315859999999999863e-01 5.544799999999999729e-02
2.223100000000000076e-01 5.472799999999999887e-02
2.112219999999999931e-01 5.378700000000000148e-02
2.022440000000000071e-01 5.295899999999999913e-02
1.915530000000000010e-01 5.189599999999999769e-02
1.808299999999999907e-01 5.074399999999999744e-02
1.726300000000000057e-01 4.980600000000000305e-02
1.623370000000000091e-01 4.855399999999999994e-02
1.544959999999999944e-01 4.754400000000000293e-02
1.446570000000000078e-01 4.620500000000000301e-02
1.353449999999999931e-01 4.486300000000000010e-02
1.278330000000000022e-01 4.372299999999999798e-02
1.190179999999999988e-01 4.231900000000000245e-02
1.102280000000000065e-01 4.084100000000000230e-02
1.036090000000000066e-01 3.967400000000000093e-02
9.534399999999999820e-02 3.814599999999999935e-02
8.915399999999999714e-02 3.694700000000000067e-02
8.143499999999999350e-02 3.537799999999999973e-02
7.423100000000000531e-02 3.383400000000000296e-02
6.853199999999999570e-02 3.255099999999999660e-02
6.189900000000000263e-02 3.098300000000000012e-02
5.666600000000000109e-02 2.968000000000000152e-02
5.061700000000000227e-02 2.809499999999999845e-02
4.475599999999999717e-02 2.646199999999999941e-02
4.041100000000000247e-02 2.518300000000000052e-02
3.516600000000000281e-02 2.353900000000000090e-02
3.032800000000000079e-02 2.191200000000000092e-02
2.669300000000000145e-02 2.059700000000000072e-02
2.247100000000000139e-02 1.895099999999999910e-02
1.935699999999999921e-02 1.762599999999999931e-02
1.576100000000000070e-02 1.595399999999999943e-02
1.257899999999999990e-02 1.429099999999999988e-02
1.022099999999999918e-02 1.291100000000000060e-02
7.697999999999999982e-03 1.122800000000000013e-02
5.866999999999999819e-03 9.820999999999999869e-03
4.000000000000000083e-03 8.120000000000000481e-03
2.413999999999999913e-03 6.315000000000000301e-03
1.495000000000000018e-03 4.971999999999999857e-03
6.030000000000000204e-04 3.167999999999999809e-03
1.279999999999999942e-04 1.433000000000000029e-03
-0.000000000000000000e+00 1.099999999999999971e-05
1.289999999999999914e-04 -1.405999999999999915e-03
6.040000000000000447e-04 -3.124000000000000041e-03
1.495000000000000018e-03 -4.899999999999999842e-03
2.410999999999999949e-03 -6.216000000000000171e-03
3.989000000000000358e-03 -7.976999999999999716e-03
5.845000000000000369e-03 -9.632999999999999202e-03
7.662000000000000408e-03 -1.099999999999999936e-02
1.016700000000000069e-02 -1.263300000000000013e-02
1.250700000000000076e-02 -1.397299999999999931e-02
1.566400000000000084e-02 -1.558700000000000016e-02
1.923199999999999910e-02 -1.721100000000000060e-02
2.232500000000000109e-02 -1.849400000000000002e-02
2.652099999999999944e-02 -2.008599999999999969e-02
3.110900000000000123e-02 -2.167799999999999935e-02
3.495299999999999796e-02 -2.291100000000000081e-02
4.018000000000000044e-02 -2.447600000000000123e-02
4.451299999999999701e-02 -2.568700000000000150e-02
5.036299999999999805e-02 -2.722300000000000067e-02
5.640400000000000275e-02 -2.870599999999999888e-02
6.163099999999999828e-02 -2.992099999999999968e-02
6.826100000000000223e-02 -3.137999999999999817e-02
7.541399999999999493e-02 -3.287400000000000044e-02
8.115899999999999503e-02 -3.401900000000000063e-02
8.887799999999999867e-02 -3.549499999999999877e-02
9.506799999999999973e-02 -3.663199999999999790e-02
1.033319999999999933e-01 -3.810000000000000192e-02
1.116309999999999941e-01 -3.952100000000000057e-02
1.187420000000000003e-01 -4.070399999999999713e-02
1.275580000000000047e-01 -4.213299999999999684e-02
1.350699999999999956e-01 -4.332300000000000040e-02
1.443820000000000103e-01 -4.476800000000000224e-02
1.542209999999999970e-01 -4.627099999999999963e-02
1.620610000000000106e-01 -4.745300000000000212e-02
1.723530000000000062e-01 -4.899099999999999983e-02
1.826180000000000025e-01 -5.051300000000000234e-02
1.912739999999999996e-01 -5.178900000000000170e-02
2.019630000000000036e-01 -5.335000000000000159e-02
2.109389999999999876e-01 -5.464499999999999913e-02
2.221200000000000119e-01 -5.622499999999999720e-02
2.335710000000000008e-01 -5.779200000000000309e-02
2.428530000000000133e-01 -5.900999999999999995e-02
2.546470000000000122e-01 -6.046800000000000092e-02
2.642039999999999944e-01 -6.155499999999999861e-02
2.763120000000000021e-01 -6.278100000000000347e-02
2.886139999999999817e-01 -6.380199999999999760e-02
2.985169999999999768e-01 -6.442699999999999816e-02
3.111010000000000164e-01 -6.490999999999999548e-02
3.237180000000000057e-01 -6.499000000000000610e-02
3.340420000000000056e-01 -6.470700000000000063e-02
3.468829999999999969e-01 -6.390500000000000347e-02
3.573810000000000042e-01 -6.292399999999999383e-02
3.704120000000000190e-01 -6.138400000000000106e-02
3.837189999999999768e-01 -5.953499999999999764e-02
3.942410000000000081e-01 -5.794599999999999751e-02
4.077020000000000088e-01 -5.584499999999999881e-02
4.209959999999999813e-01 -5.379899999999999960e-02
4.318980000000000041e-01 -5.222500000000000059e-02
4.452599999999999891e-01 -5.052000000000000240e-02
4.562470000000000137e-01 -4.936499999999999916e-02
4.696339999999999959e-01 -4.824699999999999822e-02
4.834019999999999984e-01 -4.740099999999999869e-02
4.940599999999999992e-01 -4.692999999999999949e-02
5.078799999999999981e-01 -4.653800000000000298e-02
5.212059999999999471e-01 -4.635500000000000037e-02
5.323320000000000274e-01 -4.633199999999999819e-02
5.455640000000000489e-01 -4.642199999999999799e-02
5.567020000000000302e-01 -4.658000000000000335e-02
5.698039999999999772e-01 -4.682399999999999757e-02
5.834570000000000034e-01 -4.709599999999999898e-02
5.938750000000000417e-01 -4.727499999999999758e-02
6.074509999999999632e-01 -4.742299999999999988e-02
6.203840000000000465e-01 -4.741900000000000281e-02
6.311890000000000001e-01 -4.726799999999999752e-02
6.441249999999999476e-01 -4.686099999999999988e-02
6.569869999999999877e-01 -4.616200000000000164e-02
6.677840000000000442e-01 -4.530900000000000205e-02
6.799929999999999586e-01 -4.402699999999999669e-02
6.906390000000000029e-01 -4.265499999999999847e-02
7.025780000000000358e-01 -4.087699999999999667e-02
7.154690000000000216e-01 -3.872599999999999654e-02
7.268700000000000161e-01 -3.666900000000000021e-02
7.373060000000000169e-01 -3.470000000000000168e-02
7.483880000000000532e-01 -3.255099999999999660e-02
7.585819999999999785e-01 -3.055300000000000030e-02
7.693280000000000118e-01 -2.845299999999999913e-02
7.814780000000000060e-01 -2.611700000000000133e-02
7.918669999999999876e-01 -2.417499999999999857e-02
8.014010000000000300e-01 -2.244900000000000020e-02
8.114160000000000261e-01 -2.068800000000000153e-02
8.206050000000000288e-01 -1.911900000000000058e-02
8.302289999999999948e-01 -1.752099999999999838e-02
8.390440000000000120e-01 -1.610200000000000173e-02
8.482610000000000428e-01 -1.466199999999999969e-02
8.585679999999999978e-01 -1.311000000000000013e-02
8.673469999999999791e-01 -1.183799999999999956e-02
8.752459999999999685e-01 -1.073499999999999975e-02
8.835800000000000320e-01 -9.615000000000000283e-03
8.910219999999999807e-01 -8.656999999999999765e-03
8.988960000000000283e-01 -7.688000000000000389e-03
9.072750000000000536e-01 -6.727999999999999606e-03
9.148220000000000240e-01 -5.921000000000000048e-03
9.210409999999999986e-01 -5.289000000000000298e-03
9.280709999999999793e-01 -4.612999999999999913e-03
9.337910000000000377e-01 -4.094000000000000417e-03
9.405120000000000147e-01 -3.520999999999999824e-03
9.466250000000000497e-01 -3.036000000000000070e-03
9.517160000000000064e-01 -2.661000000000000171e-03
9.571450000000000236e-01 -2.289999999999999935e-03
9.627130000000000409e-01 -1.941999999999999933e-03
9.674779999999999491e-01 -1.673000000000000008e-03
9.714669999999999694e-01 -1.466000000000000072e-03
9.756439999999999557e-01 -1.270000000000000078e-03
9.798200000000000243e-01 -1.092000000000000089e-03
9.833790000000000031e-01 -9.569999999999999514e-04
9.867489999999999872e-01 -8.400000000000000348e-04
9.896770000000000289e-01 -7.489999999999999913e-04
9.922130000000000116e-01 -6.780000000000000002e-04
9.948939999999999451e-01 -6.099999999999999737e-04
9.968939999999999468e-01 -5.640000000000000482e-04
9.985889999999999489e-01 -5.299999999999999807e-04
1.000000000000000000e+00 -5.029999999999999749e-04
1.000000000000000000e+00 -3.800000000000000209e-05
