1.000000000000000000e+00 8.299999999999999815e-05
1.000000000000000000e+00 4.209999999999999875e-04
9.986150000000000304e-01 8.279999999999999600e-04
9.969519999999999493e-01 1.309999999999999967e-03
9.946540000000000381e-01 1.966999999999999998e-03
9.923549999999999871e-01 2.615000000000000137e-03
9.898639999999999661e-01 3.305999999999999911e-03
9.869879999999999765e-01 4.093000000000000284e-03
9.836770000000000236e-01 4.984999999999999848e-03
9.801809999999999690e-01 5.911999999999999721e-03
9.760760000000000547e-01 6.980000000000000093e-03
9.719710000000000294e-01 8.028000000000000413e-03
9.671419999999999462e-01 9.235000000000000153e-03
9.623819999999999597e-01 1.039900000000000026e-02
9.578870000000000440e-01 1.147500000000000082e-02
9.522699999999999498e-01 1.278800000000000076e-02
9.464190000000000103e-01 1.411899999999999961e-02
9.399690000000000545e-01 1.554400000000000052e-02
9.348929999999999740e-01 1.663299999999999848e-02
9.278170000000000028e-01 1.810200000000000004e-02
9.210129999999999706e-01 1.946200000000000013e-02
9.146349999999999758e-01 2.068700000000000053e-02
9.073329999999999451e-01 2.203000000000000097e-02
8.987960000000000393e-01 2.352900000000000130e-02
8.909920000000000062e-01 2.483799999999999897e-02
8.835450000000000248e-01 2.601699999999999846e-02
8.752760000000000540e-01 2.724299999999999986e-02
8.673659999999999703e-01 2.833099999999999855e-02
8.586460000000000203e-01 2.943300000000000083e-02
8.483349999999999502e-01 3.060399999999999926e-02
8.391659999999999675e-01 3.152499999999999747e-02
8.303239999999999510e-01 3.230800000000000338e-02
8.207370000000000498e-01 3.304699999999999999e-02
8.115090000000000359e-01 3.365800000000000042e-02
8.015200000000000102e-01 3.422800000000000148e-02
7.899629999999999708e-01 3.480300000000000060e-02
7.793280000000000207e-01 3.529499999999999998e-02
7.696020000000000083e-01 3.572800000000000281e-02
7.585960000000000480e-01 3.620099999999999707e-02
7.485779999999999657e-01 3.661999999999999977e-02
7.372220000000000439e-01 3.708700000000000191e-02
7.269440000000000346e-01 3.750599999999999767e-02
7.147639999999999549e-01 3.800499999999999712e-02
7.024939999999999518e-01 3.851799999999999669e-02
6.920490000000000252e-01 3.897099999999999870e-02
6.797309999999999741e-01 3.953199999999999770e-02
6.691099999999999826e-01 4.004400000000000320e-02
6.565250000000000252e-01 4.068900000000000294e-02
6.431099999999999595e-01 4.141800000000000342e-02
6.329329999999999679e-01 4.199499999999999761e-02
6.193670000000000009e-01 4.278699999999999865e-02
6.065199999999999481e-01 4.355300000000000143e-02
5.953340000000000298e-01 4.422399999999999942e-02
5.822899999999999743e-01 4.500400000000000234e-02
5.710690000000000488e-01 4.566499999999999726e-02
5.578619999999999690e-01 4.642299999999999899e-02
5.466360000000000108e-01 4.704699999999999854e-02
5.333020000000000538e-01 4.776099999999999790e-02
5.193489999999999496e-01 4.847900000000000126e-02
5.086730000000000418e-01 4.900899999999999701e-02
4.947630000000000083e-01 4.967699999999999894e-02
4.813160000000000216e-01 5.029900000000000343e-02
4.702009999999999801e-01 5.079899999999999693e-02
4.567519999999999913e-01 5.138500000000000012e-02
4.457220000000000071e-01 5.185200000000000226e-02
4.323159999999999781e-01 5.240199999999999719e-02
4.186920000000000086e-01 5.292800000000000282e-02
4.080619999999999803e-01 5.330399999999999722e-02
3.945810000000000151e-01 5.372199999999999892e-02
3.840459999999999985e-01 5.399299999999999933e-02
3.707289999999999752e-01 5.424899999999999861e-02
3.576920000000000099e-01 5.439000000000000085e-02
3.471910000000000274e-01 5.441300000000000303e-02
3.343470000000000053e-01 5.431799999999999823e-02
3.215120000000000200e-01 5.407499999999999807e-02
3.114029999999999854e-01 5.378700000000000148e-02
2.988179999999999725e-01 5.332200000000000134e-02
2.889129999999999754e-01 5.288500000000000145e-02
2.766089999999999938e-01 5.227099999999999802e-02
2.644980000000000109e-01 5.160100000000000103e-02
2.549379999999999979e-01 5.103599999999999803e-02
2.431419999999999970e-01 5.030300000000000049e-02
2.315859999999999863e-01 4.955400000000000083e-02
2.223100000000000076e-01 4.893399999999999833e-02
2.112219999999999931e-01 4.817799999999999860e-02
2.022440000000000071e-01 4.755299999999999805e-02
1.915530000000000010e-01 4.679300000000000126e-02
1.808299999999999907e-01 4.600599999999999828e-02
1.726300000000000057e-01 4.538199999999999873e-02
1.623370000000000091e-01 4.456399999999999945e-02
1.544959999999999944e-01 4.390800000000000258e-02
1.446570000000000078e-01 4.304100000000000287e-02
1.353449999999999931e-01 4.216899999999999815e-02
1.278330000000000022e-01 4.142499999999999655e-02
1.190179999999999988e-01 4.050200000000000328e-02
1.102280000000000065e-01 3.952399999999999664e-02
1.036090000000000066e-01 3.874600000000000266e-02
9.534399999999999820e-02 3.771800000000000153e-02
8.915399999999999714e-02 3.690500000000000030e-02
8.143499999999999350e-02 3.583100000000000174e-02
7.423100000000000531e-02 3.476300000000000223e-02
6.853199999999999570e-02 3.386499999999999927e-02
6.189900000000000263e-02 3.275399999999999839e-02
5.666600000000000109e-02 3.181599999999999706e-02
5.061700000000000227e-02 3.065400000000000069e-02
4.475599999999999717e-02 2.942799999999999930e-02
4.041100000000000247e-02 2.844400000000000053e-02
3.516600000000000281e-02 2.714000000000000093e-02
3.032800000000000079e-02 2.580100000000000102e-02
2.669300000000000145e-02 2.467499999999999902e-02
2.247100000000000139e-02 2.320499999999999993e-02
1.935699999999999921e-02 2.196599999999999941e-02
1.576100000000000070e-02 2.032499999999999932e-02
1.257899999999999990e-02 1.859900000000000095e-02
1.022099999999999918e-02 1.709300000000000055e-02
7.697999999999999982e-03 1.516600000000000066e-02
5.866999999999999819e-03 1.347899999999999966e-02
4.000000000000000083e-03 1.135099999999999998e-02
2.413999999999999913e-03 9.003000000000000586e-03
1.495000000000000018e-03 7.203000000000000201e-03
6.030000000000000204e-04 4.735999999999999759e-03
1.279999999999999942e-04 2.331999999999999872e-03
-0.000000000000000000e+00 3.579999999999999741e-04
1.289999999999999914e-04 -1.593999999999999931e-03
6.040000000000000447e-04 -3.922000000000000139e-03
1.495000000000000018e-03 -6.249000000000000214e-03
2.410999999999999949e-03 -7.908000000000000099e-03
3.989000000000000358e-03 -1.001800000000000086e-02
5.845000000000000369e-03 -1.187200000000000061e-02
7.662000000000000408e-03 -1.329999999999999932e-02
1.016700000000000069e-02 -1.487800000000000060e-02
1.250700000000000076e-02 -1.606600000000000042e-02
1.566400000000000084e-02 -1.737299999999999955e-02
1.923199999999999910e-02 -1.855300000000000005e-02
2.232500000000000109e-02 -1.939899999999999958e-02
2.652099999999999944e-02 -2.034499999999999850e-02
3.110900000000000123e-02 -2.119300000000000003e-02
3.495299999999999796e-02 -2.179000000000000034e-02
4.018000000000000044e-02 -2.248599999999999904e-02
4.451299999999999701e-02 -2.298499999999999849e-02
5.036299999999999805e-02 -2.358499999999999833e-02
5.640400000000000275e-02 -2.414099999999999926e-02
6.163099999999999828e-02 -2.459300000000000028e-02
6.826100000000000223e-02 -2.514299999999999868e-02
7.541399999999999493e-02 -2.573500000000000093e-02
8.115899999999999503e-02 -2.621599999999999972e-02
8.887799999999999867e-02 -2.689199999999999924e-02
9.506799999999999973e-02 -2.746200000000000030e-02
1.033319999999999933e-01 -2.827800000000000105e-02
1.116309999999999941e-01 -2.916699999999999848e-02
1.187420000000000003e-01 -2.999200000000000130e-02
1.275580000000000047e-01 -3.109999999999999917e-02
1.350699999999999956e-01 -3.212099999999999678e-02
1.443820000000000103e-01 -3.348600000000000187e-02
1.542209999999999970e-01 -3.504600000000000076e-02
1.620610000000000106e-01 -3.636600000000000249e-02
1.723530000000000062e-01 -3.818499999999999672e-02
1.826180000000000025e-01 -4.005700000000000233e-02
1.912739999999999996e-01 -4.163800000000000140e-02
2.019630000000000036e-01 -4.351399999999999713e-02
2.109389999999999876e-01 -4.494299999999999684e-02
2.221200000000000119e-01 -4.641699999999999993e-02
2.335710000000000008e-01 -4.754400000000000293e-02
2.428530000000000133e-01 -4.817799999999999860e-02
2.546470000000000122e-01 -4.863800000000000068e-02
2.642039999999999944e-01 -4.873999999999999860e-02
2.763120000000000021e-01 -4.855399999999999994e-02
2.886139999999999817e-01 -4.804599999999999843e-02
2.985169999999999768e-01 -4.744600000000000206e-02
3.111010000000000164e-01 -4.649899999999999867e-02
3.237180000000000057e-01 -4.542700000000000210e-02
3.340420000000000056e-01 -4.452199999999999908e-02
3.468829999999999969e-01 -4.343500000000000139e-02
3.573810000000000042e-01 -4.259000000000000286e-02
3.704120000000000190e-01 -4.161100000000000215e-02
3.837189999999999768e-01 -4.070599999999999913e-02
3.942410000000000081e-01 -4.007100000000000245e-02
4.077020000000000088e-01 -3.938300000000000134e-02
4.209959999999999813e-01 -3.885899999999999771e-02
4.318980000000000041e-01 -3.856300000000000006e-02
4.452599999999999891e-01 -3.838199999999999945e-02
4.562470000000000137e-01 -3.839499999999999857e-02
4.696339999999999959e-01 -3.857100000000000112e-02
4.834019999999999984e-01 -3.889399999999999802e-02
4.940599999999999992e-01 -3.920499999999999680e-02
5.078799999999999981e-01 -3.965099999999999875e-02
5.212059999999999471e-01 -4.007700000000000151e-02
5.323320000000000274e-01 -4.039899999999999741e-02
5.455640000000000489e-01 -4.069699999999999707e-02
5.567020000000000302e-01 -4.084800000000000236e-02
5.698039999999999772e-01 -4.087400000000000061e-02
5.834570000000000034e-01 -4.073899999999999744e-02
5.938750000000000417e-01 -4.052800000000000152e-02
6.074509999999999632e-01 -4.012600000000000194e-02
6.203840000000000465e-01 -3.961599999999999844e-02
6.311890000000000001e-01 -3.910099999999999687e-02
6.441249999999999476e-01 -3.838600000000000345e-02
6.569869999999999877e-01 -3.757800000000000029e-02
6.677840000000000442e-01 -3.682900000000000063e-02
6.799929999999999586e-01 -3.590299999999999742e-02
6.906390000000000029e-01 -3.499599999999999933e-02
7.025780000000000358e-01 -3.383300000000000196e-02
7.154690000000000216e-01 -3.236900000000000194e-02
7.268700000000000161e-01 -3.087099999999999914e-02
7.373060000000000169e-01 -2.931999999999999884e-02
7.483880000000000532e-01 -2.748000000000000095e-02
7.585819999999999785e-01 -2.561199999999999935e-02
7.693280000000000118e-01 -2.346300000000000122e-02
7.814780000000000060e-01 -2.082099999999999923e-02
7.918669999999999876e-01 -1.839299999999999963e-02
8.014010000000000300e-01 -1.607000000000000095e-02
8.114160000000000261e-01 -1.360399999999999977e-02
8.206050000000000288e-01 -1.137799999999999923e-02
8.302289999999999948e-01 -9.129999999999999227e-03
8.390440000000000120e-01 -7.178000000000000352e-03
8.482610000000000428e-01 -5.269000000000000246e-03
8.585679999999999978e-01 -3.318999999999999902e-03
8.673469999999999791e-01 -1.820999999999999919e-03
8.752459999999999685e-01 -6.099999999999999737e-04
8.835800000000000320e-01 5.240000000000000517e-04
8.910219999999999807e-01 1.407999999999999963e-03
8.988960000000000283e-01 2.210000000000000159e-03
9.072750000000000536e-01 2.893000000000000172e-03
9.148220000000000240e-01 3.363999999999999803e-03
9.210409999999999986e-01 3.657999999999999793e-03
9.280709999999999793e-01 3.886999999999999830e-03
9.337910000000000377e-01 3.990999999999999756e-03
9.405120000000000147e-01 4.019000000000000003e-03
9.466250000000000497e-01 3.956000000000000315e-03
9.517160000000000064e-01 3.837999999999999832e-03
9.571450000000000236e-01 3.644999999999999803e-03
9.627130000000000409e-01 3.376000000000000095e-03
9.674779999999999491e-01 3.086999999999999900e-03
9.714669999999999694e-01 2.805999999999999901e-03
9.756439999999999557e-01 2.469999999999999973e-03
9.798200000000000243e-01 2.096000000000000207e-03
9.833790000000000031e-01 1.745000000000000023e-03
9.867489999999999872e-01 1.387999999999999911e-03
9.896770000000000289e-01 1.056999999999999997e-03
9.922130000000000116e-01 7.560000000000000530e-04
9.948939999999999451e-01 4.229999999999999819e-04
9.968939999999999468e-01 1.640000000000000019e-04
9.985889999999999489e-01 -6.200000000000000270e-05
1.000000000000000000e+00 -2.559999999999999884e-04
1.000000000000000000e+00 8.299999999999999815e-05
