1.000000000000000000e+00 -1.699999999999999987e-05
1.000000000000000000e+00 4.560000000000000251e-04
9.986150000000000304e-01 7.500000000000000156e-04
9.969519999999999493e-01 1.095000000000000053e-03
9.946540000000000381e-01 1.556000000000000091e-03
9.923549999999999871e-01 2.005999999999999971e-03
9.898639999999999661e-01 2.481999999999999831e-03
9.869879999999999765e-01 3.017999999999999849e-03
9.836770000000000236e-01 3.621999999999999786e-03
9.801809999999999690e-01 4.246999999999999907e-03
9.760760000000000547e-01 4.965999999999999928e-03
9.719710000000000294e-01 5.673000000000000091e-03
9.671419999999999462e-01 6.492000000000000375e-03
9.623819999999999597e-01 7.289999999999999605e-03
9.578870000000000440e-01 8.035000000000000475e-03
9.522699999999999498e-01 8.958999999999999950e-03
9.464190000000000103e-01 9.917000000000000468e-03
9.399690000000000545e-01 1.097000000000000058e-02
9.348929999999999740e-01 1.179799999999999946e-02
9.278170000000000028e-01 1.295199999999999997e-02
9.210129999999999706e-01 1.406499999999999938e-02
9.146349999999999758e-01 1.511200000000000043e-02
9.073329999999999451e-01 1.631600000000000064e-02
8.987960000000000393e-01 1.774699999999999889e-02
8.909920000000000062e-01 1.908800000000000080e-02
8.835450000000000248e-01 2.038200000000000081e-02
8.752760000000000540e-01 2.183500000000000024e-02
8.673659999999999703e-01 2.323899999999999924e-02
8.586460000000000203e-01 2.480299999999999866e-02
8.483349999999999502e-01 2.667200000000000126e-02
8.391659999999999675e-01 2.834899999999999920e-02
8.303239999999999510e-01 2.997100000000000111e-02
8.207370000000000498e-01 3.172500000000000320e-02
8.115090000000000359e-01 3.339199999999999807e-02
8.015200000000000102e-01 3.515200000000000269e-02
7.899629999999999708e-01 3.708800000000000291e-02
7.793280000000000207e-01 3.873000000000000054e-02
7.696020000000000083e-01 4.010199999999999876e-02
7.585960000000000480e-01 4.150700000000000223e-02
7.485779999999999657e-01 4.265300000000000341e-02
7.372220000000000439e-01 4.381000000000000172e-02
7.269440000000000346e-01 4.473400000000000293e-02
7.147639999999999549e-01 4.569700000000000151e-02
7.024939999999999518e-01 4.654799999999999910e-02
6.920490000000000252e-01 4.720099999999999990e-02
6.797309999999999741e-01 4.791900000000000326e-02
6.691099999999999826e-01 4.852000000000000063e-02
6.565250000000000252e-01 4.924400000000000305e-02
6.431099999999999595e-01 5.003699999999999815e-02
6.329329999999999679e-01 5.065499999999999864e-02
6.193670000000000009e-01 5.149499999999999911e-02
6.065199999999999481e-01 5.230699999999999933e-02
5.953340000000000298e-01 5.302300000000000069e-02
5.822899999999999743e-01 5.387100000000000222e-02
5.710690000000000488e-01 5.460600000000000176e-02
5.578619999999999690e-01 5.547799999999999954e-02
5.466360000000000108e-01 5.622499999999999720e-02
5.333020000000000538e-01 5.710900000000000004e-02
5.193489999999999496e-01 5.801400000000000307e-02
5.086730000000000418e-01 5.868199999999999805e-02
4.947630000000000083e-01 5.950600000000000334e-02
4.813160000000000216e-01 6.023799999999999988e-02
4.702009999999999801e-01 6.078399999999999775e-02
4.567519999999999913e-01 6.135999999999999788e-02
4.457220000000000071e-01 6.175300000000000233e-02
4.323159999999999781e-01 6.212199999999999667e-02
4.186920000000000086e-01 6.237399999999999889e-02
4.080619999999999803e-01 6.248399999999999788e-02
3.945810000000000151e-01 6.251600000000000212e-02
3.840459999999999985e-01 6.245499999999999663e-02
3.707289999999999752e-01 6.226899999999999796e-02
3.576920000000000099e-01 6.196900000000000325e-02
3.471910000000000274e-01 6.164000000000000035e-02
3.343470000000000053e-01 6.113099999999999784e-02
3.215120000000000200e-01 6.050599999999999729e-02
3.114029999999999854e-01 5.994000000000000022e-02
2.988179999999999725e-01 5.915900000000000325e-02
2.889129999999999754e-01 5.849300000000000332e-02
2.766089999999999938e-01 5.761800000000000255e-02
2.644980000000000109e-01 5.671199999999999852e-02
2.549379999999999979e-01 5.597300000000000192e-02
2.431419999999999970e-01 5.503500000000000059e-02
2.315859999999999863e-01 5.409300000000000219e-02
2.223100000000000076e-01 5.332100000000000034e-02
2.112219999999999931e-01 5.238199999999999801e-02
2.022440000000000071e-01 5.160599999999999909e-02
1.915530000000000010e-01 5.064799999999999858e-02
1.808299999999999907e-01 4.963399999999999757e-02
1.726300000000000057e-01 4.881400000000000322e-02
1.623370000000000091e-01 4.771700000000000247e-02
1.544959999999999944e-01 4.682499999999999857e-02
1.446570000000000078e-01 4.562900000000000289e-02
1.353449999999999931e-01 4.441300000000000109e-02
1.278330000000000022e-01 4.336799999999999683e-02
1.190179999999999988e-01 4.206499999999999823e-02
1.102280000000000065e-01 4.067599999999999688e-02
1.036090000000000066e-01 3.956799999999999901e-02
9.534399999999999820e-02 3.810199999999999698e-02
8.915399999999999714e-02 3.694200000000000261e-02
8.143499999999999350e-02 3.541099999999999803e-02
7.423100000000000531e-02 3.389500000000000152e-02
6.853199999999999570e-02 3.262600000000000222e-02
6.189900000000000263e-02 3.106899999999999940e-02
5.666600000000000109e-02 2.976900000000000032e-02
5.061700000000000227e-02 2.818199999999999872e-02
4.475599999999999717e-02 2.654099999999999862e-02
4.041100000000000247e-02 2.525300000000000114e-02
3.516600000000000281e-02 2.359500000000000139e-02
3.032800000000000079e-02 2.195199999999999929e-02
2.669300000000000145e-02 2.062299999999999897e-02
2.247100000000000139e-02 1.896000000000000116e-02
1.935699999999999921e-02 1.762199999999999878e-02
1.576100000000000070e-02 1.593500000000000125e-02
1.257899999999999990e-02 1.425900000000000084e-02
1.022099999999999918e-02 1.286999999999999950e-02
7.697999999999999982e-03 1.118000000000000070e-02
5.866999999999999819e-03 9.769999999999999171e-03
4.000000000000000083e-03 8.068999999999999784e-03
2.413999999999999913e-03 6.269000000000000267e-03
1.495000000000000018e-03 4.930999999999999620e-03
6.030000000000000204e-04 3.138000000000000164e-03
1.279999999999999942e-04 1.417999999999999990e-03
-0.000000000000000000e+00 1.000000000000000082e-05
1.289999999999999914e-04 -1.392000000000000008e-03
6.040000000000000447e-04 -3.089999999999999865e-03
1.495000000000000018e-03 -4.844000000000000215e-03
2.410999999999999949e-03 -6.143000000000000023e-03
3.989000000000000358e-03 -7.882000000000000117e-03
5.845000000000000369e-03 -9.516999999999999418e-03
7.662000000000000408e-03 -1.086799999999999919e-02
1.016700000000000069e-02 -1.248400000000000030e-02
1.250700000000000076e-02 -1.381100000000000036e-02
1.566400000000000084e-02 -1.541099999999999935e-02
1.923199999999999910e-02 -1.702499999999999847e-02
2.232500000000000109e-02 -1.830199999999999882e-02
2.652099999999999944e-02 -1.988900000000000043e-02
3.110900000000000123e-02 -2.148100000000000009e-02
3.495299999999999796e-02 -2.271799999999999861e-02
4.018000000000000044e-02 -2.429200000000000109e-02
4.451299999999999701e-02 -2.551300000000000096e-02
5.036299999999999805e-02 -2.706899999999999931e-02
5.640400000000000275e-02 -2.857700000000000171e-02
6.163099999999999828e-02 -2.981800000000000075e-02
6.826100000000000223e-02 -3.131599999999999662e-02
7.541399999999999493e-02 -3.285699999999999732e-02
8.115899999999999503e-02 -3.404499999999999887e-02
8.887799999999999867e-02 -3.558399999999999758e-02
9.506799999999999973e-02 -3.677699999999999719e-02
1.033319999999999933e-01 -3.832300000000000290e-02
1.116309999999999941e-01 -3.982800000000000229e-02
1.187420000000000003e-01 -4.108599999999999752e-02
1.275580000000000047e-01 -4.260800000000000004e-02
1.350699999999999956e-01 -4.387599999999999834e-02
1.443820000000000103e-01 -4.541300000000000198e-02
1.542209999999999970e-01 -4.699799999999999811e-02
1.620610000000000106e-01 -4.823000000000000204e-02
1.723530000000000062e-01 -4.980099999999999805e-02
1.826180000000000025e-01 -5.130500000000000338e-02
1.912739999999999996e-01 -5.251000000000000112e-02
2.019630000000000036e-01 -5.389499999999999846e-02
2.109389999999999876e-01 -5.494399999999999978e-02
2.221200000000000119e-01 -5.607299999999999784e-02
2.335710000000000008e-01 -5.702000000000000124e-02
2.428530000000000133e-01 -5.763299999999999673e-02
2.546470000000000122e-01 -5.822299999999999698e-02
2.642039999999999944e-01 -5.855199999999999988e-02
2.763120000000000021e-01 -5.879399999999999904e-02
2.886139999999999817e-01 -5.885599999999999860e-02
2.985169999999999768e-01 -5.879000000000000198e-02
3.111010000000000164e-01 -5.858000000000000013e-02
3.237180000000000057e-01 -5.826499999999999735e-02
3.340420000000000056e-01 -5.795199999999999657e-02
3.468829999999999969e-01 -5.752600000000000074e-02
3.573810000000000042e-01 -5.714700000000000335e-02
3.704120000000000190e-01 -5.664399999999999991e-02
3.837189999999999768e-01 -5.609600000000000003e-02
3.942410000000000081e-01 -5.564299999999999802e-02
4.077020000000000088e-01 -5.504499999999999671e-02
4.209959999999999813e-01 -5.444399999999999934e-02
4.318980000000000041e-01 -5.395400000000000196e-02
4.452599999999999891e-01 -5.336500000000000271e-02
4.562470000000000137e-01 -5.290199999999999764e-02
4.696339999999999959e-01 -5.235399999999999776e-02
4.834019999999999984e-01 -5.181100000000000289e-02
4.940599999999999992e-01 -5.139599999999999724e-02
5.078799999999999981e-01 -5.086799999999999655e-02
5.212059999999999471e-01 -5.035799999999999998e-02
5.323320000000000274e-01 -4.993500000000000022e-02
5.455640000000000489e-01 -4.942200000000000065e-02
5.567020000000000302e-01 -4.898199999999999776e-02
5.698039999999999772e-01 -4.844099999999999795e-02
5.834570000000000034e-01 -4.783799999999999858e-02
5.938750000000000417e-01 -4.733400000000000107e-02
6.074509999999999632e-01 -4.660799999999999665e-02
6.203840000000000465e-01 -4.581999999999999962e-02
6.311890000000000001e-01 -4.507699999999999901e-02
6.441249999999999476e-01 -4.406800000000000300e-02
6.569869999999999877e-01 -4.291899999999999882e-02
6.677840000000000442e-01 -4.182799999999999713e-02
6.799929999999999586e-01 -4.044799999999999784e-02
6.906390000000000029e-01 -3.912100000000000299e-02
7.025780000000000358e-01 -3.751100000000000267e-02
7.154690000000000216e-01 -3.564300000000000107e-02
7.268700000000000161e-01 -3.389600000000000252e-02
7.373060000000000169e-01 -3.223600000000000076e-02
7.483880000000000532e-01 -3.042299999999999865e-02
7.585819999999999785e-01 -2.872500000000000053e-02
7.693280000000000118e-01 -2.691800000000000095e-02
7.814780000000000060e-01 -2.487100000000000075e-02
7.918669999999999876e-01 -2.312799999999999925e-02
8.014010000000000300e-01 -2.154400000000000065e-02
8.114160000000000261e-01 -1.989499999999999949e-02
8.206050000000000288e-01 -1.840100000000000069e-02
8.302289999999999948e-01 -1.685899999999999899e-02
8.390440000000000120e-01 -1.547199999999999964e-02
8.482610000000000428e-01 -1.405200000000000025e-02
8.585679999999999978e-01 -1.250899999999999929e-02
8.673469999999999791e-01 -1.123599999999999946e-02
8.752459999999999685e-01 -1.012700000000000058e-02
8.835800000000000320e-01 -8.999000000000000055e-03
8.910219999999999807e-01 -8.030999999999999944e-03
8.988960000000000283e-01 -7.054000000000000374e-03
9.072750000000000536e-01 -6.087999999999999662e-03
9.148220000000000240e-01 -5.279999999999999971e-03
9.210409999999999986e-01 -4.649999999999999620e-03
9.280709999999999793e-01 -3.982000000000000296e-03
9.337910000000000377e-01 -3.472999999999999959e-03
9.405120000000000147e-01 -2.919000000000000154e-03
9.466250000000000497e-01 -2.456999999999999983e-03
9.517160000000000064e-01 -2.105999999999999799e-03
9.571450000000000236e-01 -1.766999999999999908e-03
9.627130000000000409e-01 -1.459000000000000010e-03
9.674779999999999491e-01 -1.229000000000000058e-03
9.714669999999999694e-01 -1.059999999999999961e-03
9.756439999999999557e-01 -9.070000000000000371e-04
9.798200000000000243e-01 -7.780000000000000457e-04
9.833790000000000031e-01 -6.870000000000000022e-04
9.867489999999999872e-01 -6.160000000000000111e-04
9.896770000000000289e-01 -5.680000000000000370e-04
9.922130000000000116e-01 -5.349999999999999938e-04
9.948939999999999451e-01 -5.090000000000000123e-04
9.968939999999999468e-01 -4.970000000000000459e-04
9.985889999999999489e-01 -4.910000000000000085e-04
1.000000000000000000e+00 -4.899999999999999842e-04
1.000000000000000000e+00 -1.699999999999999987e-05
