1.000000000000000000e+00 -4.399999999999999886e-05
1.000000000000000000e+00 4.279999999999999950e-04
9.986150000000000304e-01 6.800000000000000488e-04
9.969519999999999493e-01 9.709999999999999664e-04
9.946540000000000381e-01 1.353999999999999952e-03
9.923549999999999871e-01 1.719999999999999958e-03
9.898639999999999661e-01 2.099000000000000171e-03
9.869879999999999765e-01 2.518999999999999972e-03
9.836770000000000236e-01 2.980000000000000010e-03
9.801809999999999690e-01 3.446999999999999977e-03
9.760760000000000547e-01 3.969999999999999571e-03
9.719710000000000294e-01 4.473000000000000413e-03
9.671419999999999462e-01 5.041000000000000342e-03
9.623819999999999597e-01 5.579999999999999891e-03
9.578870000000000440e-01 6.073000000000000273e-03
9.522699999999999498e-01 6.669999999999999714e-03
9.464190000000000103e-01 7.275000000000000216e-03
9.399690000000000545e-01 7.924000000000000488e-03
9.348929999999999740e-01 8.423999999999999197e-03
9.278170000000000028e-01 9.109000000000000777e-03
9.210129999999999706e-01 9.756000000000000782e-03
9.146349999999999758e-01 1.035600000000000062e-02
9.073329999999999451e-01 1.103400000000000040e-02
8.987960000000000393e-01 1.183500000000000003e-02
8.909920000000000062e-01 1.258399999999999970e-02
8.835450000000000248e-01 1.330399999999999985e-02
8.752760000000000540e-01 1.411399999999999981e-02
8.673659999999999703e-01 1.490200000000000032e-02
8.586460000000000203e-01 1.579300000000000148e-02
8.483349999999999502e-01 1.688699999999999923e-02
8.391659999999999675e-01 1.790699999999999931e-02
8.303239999999999510e-01 1.894300000000000150e-02
8.207370000000000498e-01 2.013799999999999965e-02
8.115090000000000359e-01 2.137100000000000111e-02
8.015200000000000102e-01 2.281199999999999894e-02
7.899629999999999708e-01 2.463699999999999918e-02
7.793280000000000207e-01 2.648199999999999860e-02
7.696020000000000083e-01 2.831499999999999989e-02
7.585960000000000480e-01 3.056199999999999889e-02
7.485779999999999657e-01 3.277000000000000052e-02
7.372220000000000439e-01 3.546300000000000147e-02
7.269440000000000346e-01 3.806699999999999667e-02
7.147639999999999549e-01 4.135300000000000087e-02
7.024939999999999518e-01 4.486300000000000010e-02
6.920490000000000252e-01 4.798700000000000188e-02
6.797309999999999741e-01 5.180200000000000082e-02
6.691099999999999826e-01 5.517099999999999782e-02
6.565250000000000252e-01 5.921200000000000074e-02
6.431099999999999595e-01 6.351700000000000401e-02
6.329329999999999679e-01 6.674399999999999777e-02
6.193670000000000009e-01 7.093299999999999605e-02
6.065199999999999481e-01 7.472900000000000376e-02
5.953340000000000298e-01 7.785000000000000253e-02
5.822899999999999743e-01 8.122400000000000453e-02
5.710690000000000488e-01 8.385299999999999698e-02
5.578619999999999690e-01 8.657099999999999518e-02
5.466360000000000108e-01 8.852500000000000646e-02
5.333020000000000538e-01 9.041000000000000425e-02
5.193489999999999496e-01 9.189100000000000046e-02
5.086730000000000418e-01 9.269299999999999762e-02
4.947630000000000083e-01 9.332000000000000017e-02
4.813160000000000216e-01 9.348800000000000165e-02
4.702009999999999801e-01 9.331599999999999617e-02
4.567519999999999913e-01 9.274200000000000499e-02
4.457220000000000071e-01 9.198599999999999832e-02
4.323159999999999781e-01 9.073499999999999621e-02
4.186920000000000086e-01 8.912100000000000577e-02
4.080619999999999803e-01 8.763799999999999368e-02
3.945810000000000151e-01 8.549800000000000455e-02
3.840459999999999985e-01 8.363900000000000501e-02
3.707289999999999752e-01 8.107100000000000417e-02
3.576920000000000099e-01 7.833900000000000585e-02
3.471910000000000274e-01 7.599499999999999311e-02
3.343470000000000053e-01 7.296400000000000108e-02
3.215120000000000200e-01 6.977200000000000069e-02
3.114029999999999854e-01 6.716600000000000348e-02
2.988179999999999725e-01 6.384399999999999797e-02
2.889129999999999754e-01 6.119299999999999740e-02
2.766089999999999938e-01 5.788900000000000295e-02
2.644980000000000109e-01 5.465300000000000019e-02
2.549379999999999979e-01 5.212800000000000072e-02
2.431419999999999970e-01 4.906300000000000244e-02
2.315859999999999863e-01 4.613300000000000040e-02
2.223100000000000076e-01 4.383999999999999703e-02
2.112219999999999931e-01 4.117699999999999833e-02
2.022440000000000071e-01 3.909800000000000081e-02
1.915530000000000010e-01 3.676000000000000101e-02
1.808299999999999907e-01 3.459999999999999881e-02
1.726300000000000057e-01 3.308500000000000330e-02
1.623370000000000091e-01 3.135000000000000286e-02
1.544959999999999944e-01 3.014800000000000119e-02
1.446570000000000078e-01 2.877700000000000050e-02
1.353449999999999931e-01 2.760599999999999860e-02
1.278330000000000022e-01 2.674299999999999941e-02
1.190179999999999988e-01 2.581299999999999914e-02
1.102280000000000065e-01 2.496299999999999908e-02
1.036090000000000066e-01 2.436800000000000077e-02
9.534399999999999820e-02 2.366800000000000154e-02
8.915399999999999714e-02 2.317100000000000062e-02
8.143499999999999350e-02 2.257500000000000132e-02
7.423100000000000531e-02 2.203499999999999903e-02
6.853199999999999570e-02 2.160899999999999974e-02
6.189900000000000263e-02 2.111000000000000029e-02
5.666600000000000109e-02 2.070200000000000165e-02
5.061700000000000227e-02 2.020699999999999927e-02
4.475599999999999717e-02 1.968299999999999911e-02
4.041100000000000247e-02 1.925599999999999881e-02
3.516600000000000281e-02 1.867200000000000110e-02
3.032800000000000079e-02 1.804499999999999854e-02
2.669300000000000145e-02 1.748900000000000107e-02
2.247100000000000139e-02 1.672200000000000075e-02
1.935699999999999921e-02 1.603600000000000164e-02
1.576100000000000070e-02 1.507600000000000086e-02
1.257899999999999990e-02 1.400099999999999956e-02
1.022099999999999918e-02 1.301599999999999979e-02
7.697999999999999982e-03 1.169399999999999953e-02
5.866999999999999819e-03 1.049100000000000033e-02
4.000000000000000083e-03 8.916999999999999579e-03
2.413999999999999913e-03 7.119999999999999593e-03
1.495000000000000018e-03 5.706000000000000134e-03
6.030000000000000204e-04 3.723999999999999880e-03
1.279999999999999942e-04 1.752000000000000085e-03
-0.000000000000000000e+00 1.090000000000000067e-04
1.289999999999999914e-04 -1.536999999999999955e-03
6.040000000000000447e-04 -3.520000000000000125e-03
1.495000000000000018e-03 -5.523000000000000131e-03
2.410999999999999949e-03 -6.962000000000000306e-03
3.989000000000000358e-03 -8.805000000000000326e-03
5.845000000000000369e-03 -1.043700000000000010e-02
7.662000000000000408e-03 -1.170400000000000086e-02
1.016700000000000069e-02 -1.311599999999999919e-02
1.250700000000000076e-02 -1.419199999999999975e-02
1.566400000000000084e-02 -1.539199999999999943e-02
1.923199999999999910e-02 -1.650099999999999831e-02
2.232500000000000109e-02 -1.731500000000000053e-02
2.652099999999999944e-02 -1.825900000000000092e-02
3.110900000000000123e-02 -1.914700000000000082e-02
3.495299999999999796e-02 -1.980499999999999969e-02
4.018000000000000044e-02 -2.062100000000000044e-02
4.451299999999999701e-02 -2.124699999999999853e-02
5.036299999999999805e-02 -2.205299999999999969e-02
5.640400000000000275e-02 -2.285799999999999985e-02
6.163099999999999828e-02 -2.355300000000000102e-02
6.826100000000000223e-02 -2.444199999999999845e-02
7.541399999999999493e-02 -2.543399999999999828e-02
8.115899999999999503e-02 -2.625999999999999862e-02
8.887799999999999867e-02 -2.742699999999999999e-02
9.506799999999999973e-02 -2.841199999999999976e-02
1.033319999999999933e-01 -2.980500000000000163e-02
1.116309999999999941e-01 -3.129599999999999743e-02
1.187420000000000003e-01 -3.265099999999999947e-02
1.275580000000000047e-01 -3.442499999999999727e-02
1.350699999999999956e-01 -3.601700000000000040e-02
1.443820000000000103e-01 -3.808299999999999880e-02
1.542209999999999970e-01 -4.036000000000000004e-02
1.620610000000000106e-01 -4.221899999999999958e-02
1.723530000000000062e-01 -4.467800000000000243e-02
1.826180000000000025e-01 -4.707599999999999979e-02
1.912739999999999996e-01 -4.897699999999999970e-02
2.019630000000000036e-01 -5.103800000000000003e-02
2.109389999999999876e-01 -5.238799999999999707e-02
2.221200000000000119e-01 -5.340199999999999808e-02
2.335710000000000008e-01 -5.365099999999999730e-02
2.428530000000000133e-01 -5.330800000000000122e-02
2.546470000000000122e-01 -5.224600000000000077e-02
2.642039999999999944e-01 -5.095000000000000223e-02
2.763120000000000021e-01 -4.888599999999999890e-02
2.886139999999999817e-01 -4.649899999999999867e-02
2.985169999999999768e-01 -4.453599999999999920e-02
3.111010000000000164e-01 -4.222900000000000265e-02
3.237180000000000057e-01 -4.043499999999999872e-02
3.340420000000000056e-01 -3.957999999999999713e-02
3.468829999999999969e-01 -3.945599999999999802e-02
3.573810000000000042e-01 -3.999500000000000277e-02
3.704120000000000190e-01 -4.123999999999999888e-02
3.837189999999999768e-01 -4.290000000000000063e-02
3.942410000000000081e-01 -4.429999999999999910e-02
4.077020000000000088e-01 -4.595599999999999685e-02
4.209959999999999813e-01 -4.716700000000000059e-02
4.318980000000000041e-01 -4.764499999999999985e-02
4.452599999999999891e-01 -4.734700000000000020e-02
4.562470000000000137e-01 -4.625599999999999851e-02
4.696339999999999959e-01 -4.406299999999999800e-02
4.834019999999999984e-01 -4.111999999999999683e-02
4.940599999999999992e-01 -3.855999999999999706e-02
5.078799999999999981e-01 -3.515599999999999975e-02
5.212059999999999471e-01 -3.205399999999999916e-02
5.323320000000000274e-01 -2.982599999999999835e-02
5.455640000000000489e-01 -2.784299999999999969e-02
5.567020000000000302e-01 -2.693800000000000014e-02
5.698039999999999772e-01 -2.689599999999999977e-02
5.834570000000000034e-01 -2.784400000000000069e-02
5.938750000000000417e-01 -2.908099999999999921e-02
6.074509999999999632e-01 -3.114899999999999960e-02
6.203840000000000465e-01 -3.337099999999999789e-02
6.311890000000000001e-01 -3.525199999999999861e-02
6.441249999999999476e-01 -3.733600000000000113e-02
6.569869999999999877e-01 -3.901600000000000207e-02
6.677840000000000442e-01 -3.996600000000000152e-02
6.799929999999999586e-01 -4.041299999999999754e-02
6.906390000000000029e-01 -4.028799999999999742e-02
7.025780000000000358e-01 -3.964800000000000268e-02
7.154690000000000216e-01 -3.845300000000000107e-02
7.268700000000000161e-01 -3.704400000000000054e-02
7.373060000000000169e-01 -3.552999999999999908e-02
7.483880000000000532e-01 -3.374699999999999922e-02
7.585819999999999785e-01 -3.199699999999999767e-02
7.693280000000000118e-01 -3.008299999999999863e-02
7.814780000000000060e-01 -2.788200000000000053e-02
7.918669999999999876e-01 -2.600299999999999834e-02
8.014010000000000300e-01 -2.429800000000000015e-02
8.114160000000000261e-01 -2.253000000000000141e-02
8.206050000000000288e-01 -2.093499999999999875e-02
8.302289999999999948e-01 -1.929499999999999965e-02
8.390440000000000120e-01 -1.782600000000000157e-02
8.482610000000000428e-01 -1.632600000000000023e-02
8.585679999999999978e-01 -1.469799999999999926e-02
8.673469999999999791e-01 -1.335399999999999955e-02
8.752459999999999685e-01 -1.218100000000000085e-02
8.835800000000000320e-01 -1.098200000000000044e-02
8.910219999999999807e-01 -9.948999999999999511e-03
8.988960000000000283e-01 -8.897000000000000394e-03
9.072750000000000536e-01 -7.841000000000000747e-03
9.148220000000000240e-01 -6.943000000000000387e-03
9.210409999999999986e-01 -6.233999999999999958e-03
9.280709999999999793e-01 -5.470000000000000036e-03
9.337910000000000377e-01 -4.877000000000000259e-03
9.405120000000000147e-01 -4.217000000000000262e-03
9.466250000000000497e-01 -3.652999999999999997e-03
9.517160000000000064e-01 -3.210999999999999879e-03
9.571450000000000236e-01 -2.769999999999999893e-03
9.627130000000000409e-01 -2.350999999999999791e-03
9.674779999999999491e-01 -2.023000000000000059e-03
9.714669999999999694e-01 -1.766999999999999908e-03
9.756439999999999557e-01 -1.521999999999999915e-03
9.798200000000000243e-01 -1.296999999999999976e-03
9.833790000000000031e-01 -1.123000000000000083e-03
9.867489999999999872e-01 -9.709999999999999664e-04
9.896770000000000289e-01 -8.509999999999999769e-04
9.922130000000000116e-01 -7.560000000000000530e-04
9.948939999999999451e-01 -6.639999999999999852e-04
9.968939999999999468e-01 -6.009999999999999717e-04
9.985889999999999489e-01 -5.529999999999999976e-04
1.000000000000000000e+00 -5.150000000000000498e-04
1.000000000000000000e+00 -4.399999999999999886e-05
