1.000000000000000000e+00 8.299999999999999815e-05
1.000000000000000000e+00 4.600000000000000139e-04
9.986150000000000304e-01 8.710000000000000294e-04
9.969519999999999493e-01 1.355000000000000085e-03
9.946540000000000381e-01 2.010000000000000068e-03
9.923549999999999871e-01 2.651000000000000145e-03
9.898639999999999661e-01 3.331999999999999892e-03
9.869879999999999765e-01 4.101999999999999744e-03
9.836770000000000236e-01 4.969000000000000326e-03
9.801809999999999690e-01 5.865000000000000421e-03
9.760760000000000547e-01 6.892999999999999822e-03
9.719710000000000294e-01 7.898000000000000506e-03
9.671419999999999462e-01 9.051999999999999283e-03
9.623819999999999597e-01 1.016099999999999989e-02
9.578870000000000440e-01 1.118399999999999950e-02
9.522699999999999498e-01 1.243099999999999934e-02
9.464190000000000103e-01 1.369500000000000058e-02
9.399690000000000545e-01 1.504800000000000061e-02
9.348929999999999740e-01 1.608300000000000007e-02
9.278170000000000028e-01 1.748200000000000101e-02
9.210129999999999706e-01 1.877900000000000055e-02
9.146349999999999758e-01 1.995200000000000098e-02
9.073329999999999451e-01 2.123999999999999846e-02
8.987960000000000393e-01 2.268699999999999883e-02
8.909920000000000062e-01 2.395800000000000013e-02
8.835450000000000248e-01 2.511000000000000038e-02
8.752760000000000540e-01 2.631599999999999911e-02
8.673659999999999703e-01 2.739600000000000021e-02
8.586460000000000203e-01 2.850099999999999856e-02
8.483349999999999502e-01 2.968900000000000011e-02
8.391659999999999675e-01 3.063700000000000104e-02
8.303239999999999510e-01 3.145300000000000179e-02
8.207370000000000498e-01 3.223299999999999776e-02
8.115090000000000359e-01 3.288399999999999657e-02
8.015200000000000102e-01 3.348799999999999694e-02
7.899629999999999708e-01 3.407700000000000312e-02
7.793280000000000207e-01 3.454399999999999832e-02
7.696020000000000083e-01 3.492300000000000265e-02
7.585960000000000480e-01 3.530699999999999811e-02
7.485779999999999657e-01 3.562799999999999995e-02
7.372220000000000439e-01 3.597800000000000303e-02
7.269440000000000346e-01 3.630200000000000093e-02
7.147639999999999549e-01 3.672399999999999970e-02
7.024939999999999518e-01 3.722799999999999720e-02
6.920490000000000252e-01 3.775200000000000083e-02
6.797309999999999741e-01 3.851899999999999769e-02
6.691099999999999826e-01 3.933999999999999997e-02
6.565250000000000252e-01 4.053299999999999959e-02
6.431099999999999595e-01 4.203699999999999798e-02
6.329329999999999679e-01 4.330900000000000027e-02
6.193670000000000009e-01 4.512900000000000245e-02
6.065199999999999481e-01 4.693900000000000156e-02
5.953340000000000298e-01 4.854200000000000181e-02
5.822899999999999743e-01 5.040000000000000036e-02
5.710690000000000488e-01 5.194900000000000212e-02
5.578619999999999690e-01 5.366699999999999943e-02
5.466360000000000108e-01 5.500499999999999834e-02
5.333020000000000538e-01 5.643200000000000299e-02
5.193489999999999496e-01 5.773699999999999666e-02
5.086730000000000418e-01 5.860400000000000331e-02
4.947630000000000083e-01 5.956299999999999789e-02
4.813160000000000216e-01 6.030300000000000243e-02
4.702009999999999801e-01 6.077799999999999869e-02
4.567519999999999913e-01 6.118500000000000327e-02
4.457220000000000071e-01 6.138099999999999806e-02
4.323159999999999781e-01 6.145400000000000168e-02
4.186920000000000086e-01 6.137399999999999800e-02
4.080619999999999803e-01 6.122600000000000264e-02
3.945810000000000151e-01 6.096100000000000130e-02
3.840459999999999985e-01 6.071300000000000308e-02
3.707289999999999752e-01 6.037800000000000111e-02
3.576920000000000099e-01 6.005400000000000321e-02
3.471910000000000274e-01 5.981600000000000111e-02
3.343470000000000053e-01 5.957699999999999801e-02
3.215120000000000200e-01 5.940999999999999753e-02
3.114029999999999854e-01 5.930300000000000155e-02
2.988179999999999725e-01 5.915100000000000219e-02
2.889129999999999754e-01 5.898500000000000271e-02
2.766089999999999938e-01 5.868400000000000005e-02
2.644980000000000109e-01 5.825000000000000316e-02
2.549379999999999979e-01 5.779000000000000109e-02
2.431419999999999970e-01 5.706100000000000061e-02
2.315859999999999863e-01 5.615799999999999959e-02
2.223100000000000076e-01 5.529300000000000187e-02
2.112219999999999931e-01 5.408899999999999819e-02
2.022440000000000071e-01 5.298599999999999838e-02
1.915530000000000010e-01 5.156899999999999679e-02
1.808299999999999907e-01 5.007700000000000345e-02
1.726300000000000057e-01 4.890900000000000108e-02
1.623370000000000091e-01 4.742299999999999988e-02
1.544959999999999944e-01 4.628199999999999675e-02
1.446570000000000078e-01 4.484400000000000192e-02
1.353449999999999931e-01 4.347800000000000276e-02
1.278330000000000022e-01 4.237099999999999894e-02
1.190179999999999988e-01 4.106499999999999734e-02
1.102280000000000065e-01 3.975100000000000161e-02
1.036090000000000066e-01 3.875100000000000072e-02
9.534399999999999820e-02 3.748599999999999849e-02
8.915399999999999714e-02 3.652199999999999891e-02
8.143499999999999350e-02 3.529399999999999898e-02
7.423100000000000531e-02 3.411600000000000049e-02
6.853199999999999570e-02 3.315300000000000191e-02
6.189900000000000263e-02 3.199300000000000060e-02
5.666600000000000109e-02 3.103500000000000009e-02
5.061700000000000227e-02 2.987199999999999925e-02
4.475599999999999717e-02 2.866600000000000051e-02
4.041100000000000247e-02 2.770999999999999852e-02
3.516600000000000281e-02 2.645700000000000135e-02
3.032800000000000079e-02 2.517899999999999999e-02
2.669300000000000145e-02 2.410800000000000096e-02
2.247100000000000139e-02 2.271199999999999955e-02
1.935699999999999921e-02 2.153300000000000006e-02
1.576100000000000070e-02 1.996600000000000111e-02
1.257899999999999990e-02 1.830999999999999989e-02
1.022099999999999918e-02 1.685800000000000146e-02
7.697999999999999982e-03 1.498900000000000059e-02
5.866999999999999819e-03 1.334300000000000069e-02
4.000000000000000083e-03 1.125699999999999965e-02
2.413999999999999913e-03 8.942999999999999561e-03
1.495000000000000018e-03 7.161999999999999963e-03
6.030000000000000204e-04 4.713000000000000175e-03
1.279999999999999942e-04 2.321000000000000146e-03
-0.000000000000000000e+00 3.559999999999999797e-04
1.289999999999999914e-04 -1.588999999999999918e-03
6.040000000000000447e-04 -3.903999999999999918e-03
1.495000000000000018e-03 -6.212999999999999773e-03
2.410999999999999949e-03 -7.851999999999999605e-03
3.989000000000000358e-03 -9.927000000000000060e-03
5.845000000000000369e-03 -1.173800000000000017e-02
7.662000000000000408e-03 -1.312100000000000072e-02
1.016700000000000069e-02 -1.463599999999999970e-02
1.250700000000000076e-02 -1.576500000000000123e-02
1.566400000000000084e-02 -1.699200000000000016e-02
1.923199999999999910e-02 -1.808399999999999938e-02
2.232500000000000109e-02 -1.885699999999999876e-02
2.652099999999999944e-02 -1.970999999999999835e-02
3.110900000000000123e-02 -2.046500000000000055e-02
3.495299999999999796e-02 -2.099099999999999924e-02
4.018000000000000044e-02 -2.160400000000000167e-02
4.451299999999999701e-02 -2.204400000000000109e-02
5.036299999999999805e-02 -2.257999999999999938e-02
5.640400000000000275e-02 -2.308899999999999841e-02
6.163099999999999828e-02 -2.351599999999999871e-02
6.826100000000000223e-02 -2.405499999999999999e-02
7.541399999999999493e-02 -2.465900000000000036e-02
8.115899999999999503e-02 -2.517000000000000140e-02
8.887799999999999867e-02 -2.591100000000000000e-02
9.506799999999999973e-02 -2.655499999999999874e-02
1.033319999999999933e-01 -2.750100000000000114e-02
1.116309999999999941e-01 -2.855500000000000052e-02
1.187420000000000003e-01 -2.954800000000000135e-02
1.275580000000000047e-01 -3.089700000000000085e-02
1.350699999999999956e-01 -3.215400000000000202e-02
1.443820000000000103e-01 -3.384600000000000108e-02
1.542209999999999970e-01 -3.579100000000000337e-02
1.620610000000000106e-01 -3.744200000000000306e-02
1.723530000000000062e-01 -3.972099999999999936e-02
1.826180000000000025e-01 -4.206499999999999823e-02
1.912739999999999996e-01 -4.403800000000000076e-02
2.019630000000000036e-01 -4.636400000000000243e-02
2.109389999999999876e-01 -4.810899999999999899e-02
2.221200000000000119e-01 -4.985599999999999754e-02
2.335710000000000008e-01 -5.111199999999999771e-02
2.428530000000000133e-01 -5.174200000000000327e-02
2.546470000000000122e-01 -5.206000000000000211e-02
2.642039999999999944e-01 -5.194399999999999712e-02
2.763120000000000021e-01 -5.136700000000000293e-02
2.886139999999999817e-01 -5.035200000000000092e-02
2.985169999999999768e-01 -4.928799999999999848e-02
3.111010000000000164e-01 -4.771399999999999947e-02
3.237180000000000057e-01 -4.601800000000000335e-02
3.340420000000000056e-01 -4.464400000000000313e-02
3.468829999999999969e-01 -4.305900000000000005e-02
3.573810000000000042e-01 -4.187400000000000150e-02
3.704120000000000190e-01 -4.054300000000000265e-02
3.837189999999999768e-01 -3.934499999999999803e-02
3.942410000000000081e-01 -3.851500000000000062e-02
4.077020000000000088e-01 -3.760700000000000154e-02
4.209959999999999813e-01 -3.688500000000000112e-02
4.318980000000000041e-01 -3.642700000000000105e-02
4.452599999999999891e-01 -3.603300000000000253e-02
4.562470000000000137e-01 -3.585200000000000192e-02
4.696339999999999959e-01 -3.577899999999999830e-02
4.834019999999999984e-01 -3.585100000000000092e-02
4.940599999999999992e-01 -3.598599999999999716e-02
5.078799999999999981e-01 -3.624499999999999944e-02
5.212059999999999471e-01 -3.655300000000000216e-02
5.323320000000000274e-01 -3.683899999999999675e-02
5.455640000000000489e-01 -3.718199999999999977e-02
5.567020000000000302e-01 -3.746100000000000124e-02
5.698039999999999772e-01 -3.774899999999999783e-02
5.834570000000000034e-01 -3.799099999999999699e-02
5.938750000000000417e-01 -3.812000000000000111e-02
6.074509999999999632e-01 -3.820599999999999691e-02
6.203840000000000465e-01 -3.817999999999999866e-02
6.311890000000000001e-01 -3.806600000000000261e-02
6.441249999999999476e-01 -3.780200000000000227e-02
6.569869999999999877e-01 -3.738500000000000156e-02
6.677840000000000442e-01 -3.690299999999999830e-02
6.799929999999999586e-01 -3.619399999999999701e-02
6.906390000000000029e-01 -3.540999999999999703e-02
7.025780000000000358e-01 -3.432400000000000034e-02
7.154690000000000216e-01 -3.288499999999999757e-02
7.268700000000000161e-01 -3.137000000000000205e-02
7.373060000000000169e-01 -2.978300000000000045e-02
7.483880000000000532e-01 -2.789000000000000160e-02
7.585819999999999785e-01 -2.596800000000000150e-02
7.693280000000000118e-01 -2.376500000000000140e-02
7.814780000000000060e-01 -2.106900000000000092e-02
7.918669999999999876e-01 -1.860799999999999954e-02
8.014010000000000300e-01 -1.626500000000000168e-02
8.114160000000000261e-01 -1.379099999999999944e-02
8.206050000000000288e-01 -1.156599999999999989e-02
8.302289999999999948e-01 -9.327000000000000221e-03
8.390440000000000120e-01 -7.389999999999999868e-03
8.482610000000000428e-01 -5.500999999999999814e-03
8.585679999999999978e-01 -3.576000000000000185e-03
8.673469999999999791e-01 -2.103999999999999967e-03
8.752459999999999685e-01 -9.160000000000000390e-04
8.835800000000000320e-01 1.930000000000000021e-04
8.910219999999999807e-01 1.056999999999999997e-03
8.988960000000000283e-01 1.838000000000000007e-03
9.072750000000000536e-01 2.504000000000000149e-03
9.148220000000000240e-01 2.962999999999999922e-03
9.210409999999999986e-01 3.250999999999999984e-03
9.280709999999999793e-01 3.475999999999999923e-03
9.337910000000000377e-01 3.582000000000000114e-03
9.405120000000000147e-01 3.616999999999999989e-03
9.466250000000000497e-01 3.563999999999999894e-03
9.517160000000000064e-01 3.458999999999999835e-03
9.571450000000000236e-01 3.285000000000000159e-03
9.627130000000000409e-01 3.040000000000000167e-03
9.674779999999999491e-01 2.775999999999999822e-03
9.714669999999999694e-01 2.517999999999999839e-03
9.756439999999999557e-01 2.210000000000000159e-03
9.798200000000000243e-01 1.866999999999999953e-03
9.833790000000000031e-01 1.544999999999999932e-03
9.867489999999999872e-01 1.216999999999999983e-03
9.896770000000000289e-01 9.120000000000000502e-04
9.922130000000000116e-01 6.359999999999999551e-04
9.948939999999999451e-01 3.289999999999999739e-04
9.968939999999999468e-01 9.100000000000000287e-05
9.985889999999999489e-01 -1.169999999999999979e-04
1.000000000000000000e+00 -2.950000000000000148e-04
1.000000000000000000e+00 8.299999999999999815e-05
